# ell:		[0-0]		
0	9.3329609272651224954e-05	
1	9.2972608226489481561e-05	
2	9.1654064580629486482e-05	
3	8.9977804710915249291e-05	
4	8.8165029812270145578e-05	
5	8.6312145225533662006e-05	
6	8.4472400247285822032e-05	
7	8.2687519432022963967e-05	
8	8.0942330632478168089e-05	
9	7.9253172616464926401e-05	
10	7.7612552308773560231e-05	
11	7.6022664166068196732e-05	
12	7.4473275211956471925e-05	
13	7.2958016733197782753e-05	
14	7.1472242483365468375e-05	
15	7.0011807068062626293e-05	
16	6.8570928825079907457e-05	
17	6.7144103797328458911e-05	
18	6.5728881002143923237e-05	
19	6.43236767128590759e-05	
20	6.2927323252370890964e-05	
21	6.1538940140702381694e-05	
22	6.015837963681616718e-05	
23	5.8785895789239295023e-05	
24	5.7422617065816988812e-05	
25	5.6069890539223955143e-05	
26	5.4729161192555916273e-05	
27	5.3402265650592636761e-05	
28	5.2091138448534896825e-05	
29	5.0797734543206751756e-05	
30	4.9524090577925472339e-05	
31	4.8272263617631597655e-05	
32	4.7044310727265687116e-05	
33	4.5842203936001386087e-05	
34	4.4667575129944710861e-05	
35	4.352197115943479079e-05	
36	4.2406938874810728123e-05	
37	4.1323895576937585083e-05	
38	4.0273740368784196036e-05	
39	3.9257242803845321443e-05	
40	3.8275172435615742092e-05	
41	3.7328298817590225222e-05	
42	3.6417212435981729363e-05	
43	3.5541787507875971454e-05	
44	3.4701719183076859727e-05	
45	3.3896702611388315968e-05	
46	3.3126432942614228081e-05	
47	3.2390605326558517851e-05	
48	3.168877689225827409e-05	
49	3.1019952685683362136e-05	
50	3.0382999732036821132e-05	
51	2.9776785056521710548e-05	
52	2.9200175684341066136e-05	
53	2.8652038640697930427e-05	
54	2.8131240950795366278e-05	
55	2.763659602139851681e-05	
56	2.7166702785520968161e-05	
57	2.6720106557738420612e-05	
58	2.6295352652626567669e-05	
59	2.5890986384761099448e-05	
60	2.5505553068717716231e-05	
61	2.5137598019072114911e-05	
62	2.4785666550399982217e-05	
63	2.4448328262623823261e-05	
64	2.4124249897053396362e-05	
65	2.3812122480345247728e-05	
66	2.3510637039155943897e-05	
67	2.3218484600142041242e-05	
68	2.2934356189960096136e-05	
69	2.2656942835266668341e-05	
70	2.238493556271831423e-05	
71	2.2117025398971596953e-05	
72	2.1852025856368095894e-05	
73	2.1589240389989496039e-05	
74	2.1328094940602505385e-05	
75	2.1068015448973825154e-05	
76	2.0808427855870170118e-05	
77	2.0548758102058244888e-05	
78	2.0288432128304757459e-05	
79	2.0026875875376422606e-05	
80	1.9763515284039938162e-05	
81	1.9497776295062008736e-05	
82	1.9229222491637430417e-05	
83	1.8957968026673294062e-05	
84	1.8684264695504761682e-05	
85	1.8408364293467015612e-05	
86	1.8130518615895221252e-05	
87	1.7850979458124550774e-05	
88	1.7569998615490176351e-05	
89	1.7287827883327263381e-05	
90	1.7004719056970990813e-05	
91	1.6720923931756524045e-05	
92	1.643669430301903525e-05	
93	1.6152281966093696601e-05	
94	1.5867975489183464661e-05	
95	1.5584210531962433555e-05	
96	1.5301459526972485182e-05	
97	1.5020194906755501444e-05	
98	1.4740889103853365937e-05	
99	1.4464014550807957174e-05	
100	1.4190043680161160442e-05	
101	1.3919448924454852563e-05	
102	1.365270271623091713e-05	
103	1.339027748803123774e-05	
104	1.3132645672397692905e-05	
105	1.288027970187216622e-05	
106	1.2633652008996536199e-05	
107	1.2393159404046853525e-05	
108	1.2158896208235821988e-05	
109	1.1930881120510310775e-05	
110	1.1709132839817194152e-05	
111	1.149367006510333961e-05	
112	1.1284511495315623111e-05	
113	1.1081675829400912145e-05	
114	1.0885181766306074205e-05	
115	1.0695048004977988638e-05	
116	1.0511293244363516161e-05	
117	1.0333936183409536122e-05	
118	1.0162995521062914318e-05	
119	9.998489956270523323e-06	
120	9.840438187979234016e-06	
121	9.688858915135917276e-06	
122	9.5437171425065302812e-06	
123	9.4047630981333720185e-06	
124	9.2716933158778362439e-06	
125	9.1442043296013031611e-06	
126	9.0219926731651631382e-06	
127	8.904754880430804849e-06	
128	8.7921874852596135794e-06	
129	8.6839870215129763093e-06	
130	8.5798500230522834067e-06	
131	8.4794730237389184633e-06	
132	8.3825525574342735414e-06	
133	8.2887851579997322326e-06	
134	8.1978673592966832108e-06	
135	8.1094956951865151501e-06	
136	8.0233666995306133363e-06	
137	7.9391769061903647492e-06	
138	7.8566228490271597569e-06	
139	7.7754010619023836452e-06	
140	7.6952432003488348879e-06	
141	7.6160214065849520055e-06	
142	7.5376429445005824711e-06	
143	7.46001507798557884e-06	
144	7.3830450709297885855e-06	
145	7.3066401872230600278e-06	
146	7.2307076907552431813e-06	
147	7.1551548454161872131e-06	
148	7.0798889150957412906e-06	
149	7.0048171636837537339e-06	
150	6.9298468550700745573e-06	
151	6.8548852531445529282e-06	
152	6.7798396217970371668e-06	
153	6.7046172249173772873e-06	
154	6.6291253263954216099e-06	
155	6.553271190121020149e-06	
156	6.4769620799840203778e-06	
157	6.4001052598742748517e-06	
158	6.3226079936816285027e-06	
159	6.2443775452959330392e-06	
160	6.1653550278247397804e-06	
161	6.0856169512464103471e-06	
162	6.0052736747570093591e-06	
163	5.9244355575526014361e-06	
164	5.8432129588292528919e-06	
165	5.7617162377830241112e-06	
166	5.6800557536099839488e-06	
167	5.5983418655061953305e-06	
168	5.516684932667722029e-06	
169	5.435195314290628664e-06	
170	5.3539833695709823964e-06	
171	5.2731594577048453048e-06	
172	5.1928339378882811621e-06	
173	5.113117169317358823e-06	
174	5.0341195111881378252e-06	
175	4.9559513226966853296e-06	
176	4.8787229630390659558e-06	
177	4.8025447914113443237e-06	
178	4.7275271670095842059e-06	
179	4.6537804490298502222e-06	
180	4.5814149966682078395e-06	
181	4.5105411691207208304e-06	
182	4.4412693255834546617e-06	
183	4.3736848648295369404e-06	
184	4.3077733439403607748e-06	
185	4.2434953595743763309e-06	
186	4.1808115083900405514e-06	
187	4.1196823870458061434e-06	
188	4.0600685922001292024e-06	
189	4.0019307205114632828e-06	
190	3.9452293686382627859e-06	
191	3.889925133238982113e-06	
192	3.8359786109720756656e-06	
193	3.7833503984959974214e-06	
194	3.732001092469202629e-06	
195	3.681891289550144419e-06	
196	3.6329815863972784635e-06	
197	3.5852325796690587402e-06	
198	3.5386048660239388035e-06	
199	3.4930590421203743253e-06	
200	3.4485557046168184364e-06	
201	3.4050554501717259617e-06	
202	3.362518875443551726e-06	
203	3.3209065770907501308e-06	
204	3.2801791517717747304e-06	
205	3.2402971961450807732e-06	
206	3.2012213068691218134e-06	
207	3.1629120806023530996e-06	
208	3.1253301140032277624e-06	
209	3.0884360037302014739e-06	
210	3.052193610914935008e-06	
211	3.0165798545819180172e-06	
212	2.9815749182288477972e-06	
213	2.9471589853534203732e-06	
214	2.9133122394533334643e-06	
215	2.8800148640262822487e-06	
216	2.847247042569964869e-06	
217	2.8149889585820773504e-06	
218	2.7832207955603174122e-06	
219	2.7519227370023798088e-06	
220	2.7210749664059643771e-06	
221	2.6906576672687646011e-06	
222	2.6606510230884790471e-06	
223	2.6310352173628041637e-06	
224	2.6017904335894372466e-06	
225	2.5728968552660734738e-06	
226	2.5443346658904114117e-06	
227	2.5160840489601462383e-06	
228	2.4881251879729756728e-06	
229	2.4604382664265965875e-06	
230	2.4330034678187050073e-06	
231	2.4058009756469982281e-06	
232	2.3788109734091726985e-06	
233	2.3520136446029248671e-06	
234	2.3253891727259520296e-06	
235	2.2989177412759514817e-06	
236	2.2725795337506192485e-06	
237	2.2463547336476509316e-06	
238	2.2202235244647455209e-06	
239	2.1941660896995986179e-06	
240	2.1681626128499066713e-06	
241	2.1421982581450999588e-06	
242	2.1162781127415402633e-06	
243	2.0904122445273244672e-06	
244	2.0646107213905460648e-06	
245	2.038883611219300668e-06	
246	2.0132409819016843124e-06	
247	1.9876929013257917627e-06	
248	1.9622494373797186308e-06	
249	1.9369206579515601052e-06	
250	1.9117166309294113743e-06	
251	1.8866474242013676264e-06	
252	1.8617231056555242618e-06	
253	1.8369537431799773158e-06	
254	1.8123494046628213415e-06	
255	1.7879201579921515274e-06	
256	1.7636760710560634854e-06	
257	1.7396272117426524038e-06	
258	1.7157836479400143182e-06	
259	1.6921554475362437816e-06	
260	1.6687526784194357706e-06	
261	1.6455854084776865325e-06	
262	1.6226637055990906203e-06	
263	1.5999976376717440695e-06	
264	1.5775972725837414333e-06	
265	1.5554726782231783235e-06	
266	1.5336339224781501403e-06	
267	1.5120910732367522838e-06	
268	1.4908541983870797307e-06	
269	1.4699333658172278811e-06	
270	1.449338643415292347e-06	
271	1.429080099069368105e-06	
272	1.4091678006675507669e-06	
273	1.3896118160979355213e-06	
274	1.3704222132486175565e-06	
275	1.3516090600076922726e-06	
276	1.3331793416696679761e-06	
277	1.3151277131547052343e-06	
278	1.297445746789377944e-06	
279	1.2801250149002587317e-06	
280	1.2631570898139221298e-06	
281	1.2465335438569409764e-06	
282	1.2302459493558893802e-06	
283	1.2142858786373408148e-06	
284	1.1986449040278683302e-06	
285	1.1833145978540458232e-06	
286	1.1682865324424469792e-06	
287	1.1535522801196452717e-06	
288	1.1391034132122141741e-06	
289	1.1249315040467271599e-06	
290	1.1110281249497581261e-06	
291	1.0973848482478801227e-06	
292	1.0839932462676672585e-06	
293	1.0708448913356932186e-06	
294	1.0579313557785304178e-06	
295	1.0452442119227536e-06	
296	1.0327750320949356036e-06	
297	1.0205153886216505373e-06	
298	1.008456853829471451e-06	
299	9.9659100004497224169e-07	
300	9.8490939959472638293e-07	
301	9.7340362480530713641e-07	
302	9.6206524800328861088e-07	
303	9.5088584151524385632e-07	
304	9.398569776677468756e-07	
305	9.2897022878737093045e-07	
306	9.1821716720068960023e-07	
307	9.0758936523427657018e-07	
308	8.9707839521470499614e-07	
309	8.8667582946854898688e-07	
310	8.7637324032238180411e-07	
311	8.6616220010277713308e-07	
312	8.560342811363083414e-07	
313	8.4598105574954900842e-07	
314	8.3599409626907303115e-07	
315	8.2606497502145345954e-07	
316	8.1618692112900132399e-07	
317	8.0635979089697544726e-07	
318	7.9658509742637263253e-07	
319	7.868643538181886242e-07	
320	7.7719907317341969605e-07	
321	7.675907685930624395e-07	
322	7.580409531781128107e-07	
323	7.4855114002956718933e-07	
324	7.3912284224842174329e-07	
325	7.2975757293567285224e-07	
326	7.2045684519231657822e-07	
327	7.1122217211934930088e-07	
328	7.0205506681776750579e-07	
329	6.9295704238856683144e-07	
330	6.839296119327441869e-07	
331	6.7497428855129542244e-07	
332	6.6609258534521691772e-07	
333	6.5728601541550494654e-07	
334	6.4855609186315567681e-07	
335	6.399043277891653823e-07	
336	6.3133223629453054856e-07	
337	6.2284133048024713175e-07	
338	6.1443312344731129977e-07	
339	6.0610912829671964405e-07	
340	5.9787085812946833249e-07	
341	5.8971982604655342712e-07	
342	5.8165754514897130761e-07	
343	5.7368552853771824775e-07	
344	5.6580528931379052132e-07	
345	5.5801834057818419036e-07	
346	5.5032619543189584628e-07	
347	5.4273036697592133935e-07	
348	5.3523236831125715513e-07	
349	5.2783371253889967328e-07	
350	5.2053591275984495583e-07	
351	5.1334048207508917068e-07	
352	5.0624893358562880338e-07	
353	4.9926278039245991596e-07	
354	4.9238353559657888809e-07	
355	4.8561271229898188767e-07	
356	4.7895127001162683596e-07	
357	4.723979538903179265e-07	
358	4.6595095550182121205e-07	
359	4.5960846641290242772e-07	
360	4.5336867819032746747e-07	
361	4.4722978240086227817e-07	
362	4.4118997061127270082e-07	
363	4.3524743438832468232e-07	
364	4.2940036529878401072e-07	
365	4.2364695490941668584e-07	
366	4.1798539478698849575e-07	
367	4.1241387649826538732e-07	
368	4.0693059161001330746e-07	
369	4.0153373168899793832e-07	
370	3.9622148830198533269e-07	
371	3.9099205301574133155e-07	
372	3.8584361739703177592e-07	
373	3.8077437301262277149e-07	
374	3.7578251142927989458e-07	
375	3.7086622421376909205e-07	
376	3.6602370293285646962e-07	
377	3.6125313915330770946e-07	
378	3.5655272444188875847e-07	
379	3.5192065036536551057e-07	
380	3.4735510849050385972e-07	
381	3.4285429038406964692e-07	
382	3.3841638761282881905e-07	
383	3.3403959174354721711e-07	
384	3.2972209434299073504e-07	
385	3.254620869779252668e-07	
386	3.2125776121511670631e-07	
387	3.1710730862133089459e-07	
388	3.1300892076333372557e-07	
389	3.0896078920789114614e-07	
390	3.049611055217689973e-07	
391	3.0100806127173327888e-07	
392	2.9709984802454967305e-07	
393	2.9323465734698412671e-07	
394	2.8941068080580263966e-07	
395	2.8562610996777099998e-07	
396	2.8187941982063737926e-07	
397	2.7817021903607890092e-07	
398	2.7449839970675496602e-07	
399	2.7086385392532492269e-07	
400	2.6726647378444822493e-07	
401	2.6370615137678422088e-07	
402	2.6018277879499236454e-07	
403	2.5669624813173200403e-07	
404	2.5324645147966248749e-07	
405	2.4983328093144332186e-07	
406	2.4645662857973369644e-07	
407	2.4311638651719322408e-07	
408	2.3981244683648119994e-07	
409	2.3654470163025697217e-07	
410	2.3331304299117996829e-07	
411	2.3011736301190961584e-07	
412	2.2695755378510521002e-07	
413	2.238335074034263107e-07	
414	2.2074511595953216014e-07	
415	2.1769227154608221234e-07	
416	2.1467486625573581544e-07	
417	2.1169279218115239695e-07	
418	2.0874594141499130502e-07	
419	2.0583420604991202013e-07	
420	2.0295747817857383745e-07	
421	2.0011564989363618452e-07	
422	1.9730861328775846242e-07	
423	1.9453626045360004573e-07	
424	1.9179848348382036201e-07	
425	1.8909517447107873289e-07	
426	1.8642622550803463887e-07	
427	1.8379152868734737512e-07	
428	1.8119097610167642213e-07	
429	1.7862445984368107508e-07	
430	1.7609187200602081445e-07	
431	1.7359310468135498836e-07	
432	1.7112804996234299789e-07	
433	1.6869659994164421763e-07	
434	1.6629864671191804864e-07	
435	1.6393408236582391847e-07	
436	1.61602752243926452e-07	
437	1.5930431467841151347e-07	
438	1.570383812493703233e-07	
439	1.548045635368939431e-07	
440	1.5260247312107356679e-07	
441	1.5043172158200036186e-07	
442	1.4829192049976544284e-07	
443	1.4618268145445995073e-07	
444	1.4410361602617510596e-07	
445	1.4205433579500197011e-07	
446	1.4003445234103173714e-07	
447	1.3804357724435554804e-07	
448	1.3608132208506462324e-07	
449	1.3414729844324999785e-07	
450	1.3224111789900289229e-07	
451	1.3036239203241444757e-07	
452	1.2851073242357583116e-07	
453	1.2668575065257815759e-07	
454	1.2488705829951256788e-07	
455	1.231142669444702295e-07	
456	1.2136698816754233638e-07	
457	1.196448335488199766e-07	
458	1.1794741466839435734e-07	
459	1.1627434310635655343e-07	
460	1.1462523044279778527e-07	
461	1.1299968825780919389e-07	
462	1.1139732813148190704e-07	
463	1.0981776164390707896e-07	
464	1.0826060037517585067e-07	
465	1.0672545590537940287e-07	
466	1.0521193981460886333e-07	
467	1.0371966368295539952e-07	
468	1.0224823909051013923e-07	
469	1.0079727761736426315e-07	
470	9.9366390843608899052e-08	
471	9.7955190349335214419e-08	
472	9.6563287714634323783e-08	
473	9.5190294519597421088e-08	
474	9.383582234431562087e-08	
475	9.2499482768880103838e-08	
476	9.118092018639463128e-08	
477	8.9879910242013525021e-08	
478	8.8596261393903700701e-08	
479	8.7329782100232073959e-08	
480	8.6080280819165600136e-08	
481	8.4847566008871208109e-08	
482	8.3631446127515813513e-08	
483	8.2431729633266371694e-08	
484	8.1248224984289771821e-08	
485	8.0080740638752995705e-08	
486	7.8929085054822945751e-08	
487	7.7793066690666537598e-08	
488	7.6672494004450753059e-08	
489	7.5567175454342468068e-08	
490	7.4476919498508637968e-08	
491	7.3401534595116191633e-08	
492	7.2340829202332057936e-08	
493	7.1294611778323178985e-08	
494	7.0262690781256470421e-08	
495	6.924487466929887435e-08	
496	6.8240971900617306412e-08	
497	6.725079093337872195e-08	
498	6.6274140225750010132e-08	
499	6.5310828235898152773e-08	
500	6.4360663421990052276e-08	
501	6.3423454242192637514e-08	
502	6.2499009154672837361e-08	
503	6.158713661759760716e-08	
504	6.068764508913386255e-08	
505	5.980034302744851917e-08	
506	5.8925038890708532363e-08	
507	5.8061541137080831002e-08	
508	5.7209658224732310875e-08	
509	5.6369198611829947176e-08	
510	5.5539970756540642309e-08	
511	5.4721783117031351619e-08	
512	5.3914444151468977508e-08	
513	5.3117762318020468702e-08	
514	5.2331546074852747458e-08	
515	5.1555603880132762501e-08	
516	5.0789761313924624618e-08	
517	5.0033912443881304588e-08	
518	4.9287968459552948486e-08	
519	4.8551840550489702389e-08	
520	4.7825439906241732224e-08	
521	4.7108677716359190682e-08	
522	4.6401465170392230458e-08	
523	4.5703713457891017477e-08	
524	4.5015333768405691199e-08	
525	4.4336237291486410933e-08	
526	4.3666335216683342606e-08	
527	4.3005538733546625676e-08	
528	4.2353759031626426072e-08	
529	4.1710907300472889867e-08	
530	4.1076894729636176372e-08	
531	4.0451632508666444898e-08	
532	3.9835031827113841518e-08	
533	3.9227003874528532162e-08	
534	3.8627459840460662903e-08	
535	3.8036310914460386435e-08	
536	3.7453468286077875302e-08	
537	3.6878843144863268963e-08	
538	3.6312346680366713492e-08	
539	3.5753890082138381434e-08	
540	3.5203384539728418865e-08	
541	3.4660741242686991711e-08	
542	3.4125871380564246049e-08	
543	3.3598686142910334571e-08	
544	3.3079096719275409969e-08	
545	3.2567014299209638171e-08	
546	3.2062350072263178487e-08	
547	3.1565015227986163757e-08	
548	3.1074920955928759909e-08	
549	3.0591978445641126253e-08	
550	3.0116098886673415481e-08	
551	2.9647193468575780286e-08	
552	2.9185173380898379978e-08	
553	2.8729949813191360633e-08	
554	2.8281433955004884869e-08	
555	2.7839536995889108687e-08	
556	2.7404172264612811795e-08	
557	2.6975261646819301819e-08	
558	2.6552729167370523324e-08	
559	2.6136498851128397715e-08	
560	2.5726494722954866249e-08	
561	2.5322640807711873493e-08	
562	2.492486113026134747e-08	
563	2.4533079715465232744e-08	
564	2.4147220588185454031e-08	
565	2.3767207773283949279e-08	
566	2.3392965295622666362e-08	
567	2.3024417180063533303e-08	
568	2.2661487451468488051e-08	
569	2.2304100134699465246e-08	
570	2.1952179254618402837e-08	
571	2.1605648836087232154e-08	
572	2.1264432903967891146e-08	
573	2.092845548312232438e-08	
574	2.0597640598412463187e-08	
575	2.0271912274700242206e-08	
576	1.9951194536847599387e-08	
577	1.9635411409716466061e-08	
578	1.9324486918168783484e-08	
579	1.9018345087066489606e-08	
580	1.8716909941271515759e-08	
581	1.8420105505645803198e-08	
582	1.8127855805051286565e-08	
583	1.784008486434989719e-08	
584	1.7556716708403576331e-08	
585	1.7277675362074258629e-08	
586	1.7002884850223885339e-08	
587	1.6732269197714387794e-08	
588	1.6465752429407700634e-08	
589	1.6203258570165761806e-08	
590	1.5944711644850509261e-08	
591	1.5690035678323880946e-08	
592	1.5439154695447811502e-08	
593	1.519199272108422895e-08	
594	1.4948473780095081167e-08	
595	1.4708521897342301137e-08	
596	1.4472067612459659965e-08	
597	1.4239067524168274612e-08	
598	1.4009484745961103468e-08	
599	1.3783282391331093342e-08	
600	1.3560423573771204278e-08	
601	1.3340871406774388047e-08	
602	1.3124589003833599729e-08	
603	1.2911539478441791097e-08	
604	1.2701685944091918886e-08	
605	1.2494991514276936522e-08	
606	1.2291419302489795776e-08	
607	1.209093242222345173e-08	
608	1.1893493986970862773e-08	
609	1.1699067110224975712e-08	
610	1.1507614905478747284e-08	
611	1.1319100486225132569e-08	
612	1.1133486965957088302e-08	
613	1.0950737458167562946e-08	
614	1.0770815076349513236e-08	
615	1.0593682933995892598e-08	
616	1.0419304144599654458e-08	
617	1.0247641821653757206e-08	
618	1.007865907865114765e-08	
619	9.9123190290847841804e-09	
620	9.7485847864476202226e-09	
621	9.5874194642326108573e-09	
622	9.4287861759327078564e-09	
623	9.2726480350408646462e-09	
624	9.1189681550500412703e-09	
625	8.9677096494531845375e-09	
626	8.8188356317432528371e-09	
627	8.6723092154131962866e-09	
628	8.5280935139559732752e-09	
629	8.3861516408645339206e-09	
630	8.246446709631836612e-09	
631	8.1089418337508314668e-09	
632	7.9736001267144735658e-09	
633	7.8403847020157179894e-09	
634	7.7092586731475181639e-09	
635	7.5801851536028275155e-09	
636	7.4531294306596914604e-09	
637	7.3280654867365299919e-09	
638	7.2049694780368493031e-09	
639	7.0838175607641547598e-09	
640	6.964585891121956691e-09	
641	6.8472506253137645985e-09	
642	6.7317879195430871567e-09	
643	6.6181739300134305588e-09	
644	6.5063848129283034794e-09	
645	6.396396724491214593e-09	
646	6.2881858209056734014e-09	
647	6.1817282583751860976e-09	
648	6.0770001931032630106e-09	
649	5.9739777812934119877e-09	
650	5.8726371791491383949e-09	
651	5.7729545428739542155e-09	
652	5.6749060286713648152e-09	
653	5.5784677927448830046e-09	
654	5.4836159912980124952e-09	
655	5.390326780534263616e-09	
656	5.298576316657143387e-09	
657	5.2083407558701621374e-09	
658	5.1195962543768260601e-09	
659	5.0323189683806454841e-09	
660	4.9464850540851274296e-09	
661	4.8620706676937797439e-09	
662	4.779051965410111929e-09	
663	4.6974051034376318321e-09	
664	4.6171062379798481278e-09	
665	4.5381315252402661821e-09	
666	4.4604571214223996325e-09	
667	4.3840591827297530178e-09	
668	4.3089138653658341853e-09	
669	4.2349973255341542912e-09	
670	4.1622857194382195285e-09	
671	4.090755203281539399e-09	
672	4.0203819332676209229e-09	
673	3.9511420655999727747e-09	
674	3.8830117564821044564e-09	
675	3.8159671621175221608e-09	
676	3.7499863572975232983e-09	
677	3.6850550911645560864e-09	
678	3.6211610314488558241e-09	
679	3.5582918458806573966e-09	
680	3.4964352021901965163e-09	
681	3.4355787681077088958e-09	
682	3.3757102113634302476e-09	
683	3.3168171996875962841e-09	
684	3.2588874008104423042e-09	
685	3.2019084824622036068e-09	
686	3.145868112373116318e-09	
687	3.0907539582734157367e-09	
688	3.0365536878933379889e-09	
689	2.9832549689631171327e-09	
690	2.9308454692129905351e-09	
691	2.8793128563731930812e-09	
692	2.8286447981739592429e-09	
693	2.778828962345527214e-09	
694	2.7298530166181298121e-09	
695	2.6817046287220039903e-09	
696	2.6343714663873846338e-09	
697	2.5878411973445082825e-09	
698	2.542101489323609408e-09	
699	2.4971400100549245499e-09	
700	2.4529444272686890072e-09	
701	2.4095024086951380787e-09	
702	2.3668016220645074769e-09	
703	2.3248297351070325007e-09	
704	2.2835744155529496898e-09	
705	2.2430233311324931022e-09	
706	2.2031641495759001049e-09	
707	2.1639845386134047559e-09	
708	2.1254721659752427678e-09	
709	2.0876146993916506801e-09	
710	2.0503998065928629646e-09	
711	2.013815155309116161e-09	
712	1.9778484132706455681e-09	
713	1.9424872482076860712e-09	
714	1.9077193278504737965e-09	
715	1.8735323199292444563e-09	
716	1.8399147791502926763e-09	
717	1.8068588081241499748e-09	
718	1.7743573964374071969e-09	
719	1.742403533676654981e-09	
720	1.7109902094284843789e-09	
721	1.680110413279485822e-09	
722	1.6497571348162505691e-09	
723	1.6199233636253694652e-09	
724	1.5906020892934327351e-09	
725	1.5617863014070310169e-09	
726	1.5334689895527557763e-09	
727	1.5056431433171976513e-09	
728	1.4783017522869474872e-09	
729	1.4514378060485957155e-09	
730	1.4250442941887331811e-09	
731	1.399114206293950936e-09	
732	1.3736405319508394117e-09	
733	1.3486162607459900736e-09	
734	1.3240343822659929396e-09	
735	1.2998878860974390616e-09	
736	1.2761697618269192847e-09	
737	1.2528729990410246607e-09	
738	1.2299905873263452076e-09	
739	1.2075155162694728044e-09	
740	1.1854407754569972622e-09	
741	1.1637593544755100465e-09	
742	1.1424642429116015887e-09	
743	1.1215484303518625272e-09	
744	1.1010049063828841206e-09	
745	1.0808266605912568003e-09	
746	1.0610066825635714116e-09	
747	1.0415379618864190062e-09	
748	1.0224134881463898089e-09	
749	1.003626250930075285e-09	
750	9.8516923982406565938e-10	
751	9.6703544441495219062e-10	
752	9.4921785428932531021e-10	
753	9.3170945903377607003e-10	
754	9.1450324823489490158e-10	
755	8.9759221147927296012e-10	
756	8.8096990961142479456e-10	
757	8.6463218850756214725e-10	
758	8.4857546530181984399e-10	
759	8.3279615712833333097e-10	
760	8.1729068112123805437e-10	
761	8.0205545441466925357e-10	
762	7.8708689414276227136e-10	
763	7.7238141743965255393e-10	
764	7.5793544143947503048e-10	
765	7.4374538327636566416e-10	
766	7.2980766008445917738e-10	
767	7.1611868899789111973e-10	
768	7.0267488715079714417e-10	
769	6.8947267167731197312e-10	
770	6.7650845971157125955e-10	
771	6.6377866838771034624e-10	
772	6.5127971483986457598e-10	
773	6.3900801620216929156e-10	
774	6.2695998960875952556e-10	
775	6.1513205219377093097e-10	
776	6.0352062109133874718e-10	
777	5.9212211343559831697e-10	
778	5.8093294636068477632e-10	
779	5.6994953700073377823e-10	
780	5.5916830248988035528e-10	
781	5.4858565996225985026e-10	
782	5.3819802655200791614e-10	
783	5.2800181939325927533e-10	
784	5.1799345562014999439e-10	
785	5.0816935236681479573e-10	
786	4.9852592676738943571e-10	
787	4.8905959595600894694e-10	
788	4.797667770668087756e-10	
789	4.7064388723392416107e-10	
790	4.6168734359149060124e-10	
791	4.5289356327364328379e-10	
792	4.4425896341451749982e-10	
793	4.357799611482486438e-10	
794	4.2745297360897205853e-10	
795	4.1927441793082308678e-10	
796	4.1124099674793288377e-10	
797	4.0335055469441652644e-10	
798	3.9560122190438480078e-10	
799	3.8799112851194869955e-10	
800	3.8051840465121906044e-10	
801	3.7318118045630672112e-10	
802	3.6597758606132262266e-10	
803	3.5890575160037775783e-10	
804	3.5196380720758280922e-10	
805	3.45149883017048873e-10	
806	3.3846210916288673513e-10	
807	3.3189861577920723331e-10	
808	3.2545753300012136029e-10	
809	3.1913699095974000546e-10	
810	3.1293511979217400649e-10	
811	3.0685004963153420105e-10	
812	3.0087991061193153023e-10	
813	2.9502283286747703849e-10	
814	2.892769465322814084e-10	
815	2.8364038174045563275e-10	
816	2.7811126862611054921e-10	
817	2.7268773732335709885e-10	
818	2.6736791796630606765e-10	
819	2.6214994068906850008e-10	
820	2.5703193562575518212e-10	
821	2.5201203291047710653e-10	
822	2.4708836267734500761e-10	
823	2.4225905506046992981e-10	
824	2.3752224019396265912e-10	
825	2.3287604821193408491e-10	
826	2.2831860924849519996e-10	
827	2.2384805343775684193e-10	
828	2.1946251091382987436e-10	
829	2.1516011181082516077e-10	
830	2.1093898626285366808e-10	
831	2.0679726440402628567e-10	
832	2.0273307636845385121e-10	
833	1.9874455229024725408e-10	
834	1.9482982230351743535e-10	
835	1.9098701654237525855e-10	
836	1.8721442277014384585e-10	
837	1.8351095926699537989e-10	
838	1.7987570194231425027e-10	
839	1.7630772670548476903e-10	
840	1.7280610946589137745e-10	
841	1.6936992613291846514e-10	
842	1.6599825261595042168e-10	
843	1.6269016482437163666e-10	
844	1.5944473866756644798e-10	
845	1.5626105005491929693e-10	
846	1.5313817489581457309e-10	
847	1.5007518909963661437e-10	
848	1.470711685757698879e-10	
849	1.4412518923359870573e-10	
850	1.4123632698250745744e-10	
851	1.3840365773188058433e-10	
852	1.3562625739110242429e-10	
853	1.3290320186955741862e-10	
854	1.302335670766299052e-10	
855	1.2761642892170427362e-10	
856	1.2505086331416493933e-10	
857	1.2253594616339626608e-10	
858	1.2007075337878266929e-10	
859	1.1765436086970851272e-10	
860	1.1528584454555818595e-10	
861	1.1296428031571607858e-10	
862	1.1068874408956660605e-10	
863	1.0845831177649409332e-10	
864	1.0627205928588296877e-10	
865	1.0412906252711762198e-10	
866	1.0202839740958244255e-10	
867	9.9969139842661794212e-11	
868	9.7950365735740079492e-11	
869	9.5971150998201687978e-11	
870	9.4030571539431009263e-11	
871	9.2127703268812432938e-11	
872	9.0261622095730322746e-11	
873	8.8431403929569081202e-11	
874	8.66361246797130979e-11	
875	8.4874860255546775354e-11	
876	8.3146765929746645089e-11	
877	8.1451314428158000226e-11	
878	7.9788057839918275816e-11	
879	7.8156548254164906911e-11	
880	7.655633776003531564e-11	
881	7.4986978446666975828e-11	
882	7.3448022403197309604e-11	
883	7.1939021718763777868e-11	
884	7.0459528482503815673e-11	
885	6.9009094783554832222e-11	
886	6.7587272711054314266e-11	
887	6.6193614354139671008e-11	
888	6.4827671801948363349e-11	
889	6.3488997143617826341e-11	
890	6.2177142468285507962e-11	
891	6.0891659865088830339e-11	
892	5.9632101423165241449e-11	
893	5.8398019231652215118e-11	
894	5.71889653796871347e-11	
895	5.6004491956407493408e-11	
896	5.4844151050950700445e-11	
897	5.3707494752454216713e-11	
898	5.2594075150055451414e-11	
899	5.1503444332891897762e-11	
900	5.0435154390100958497e-11	
901	4.9388757410820088059e-11	
902	4.8363805484186715037e-11	
903	4.7359850699338293871e-11	
904	4.6376445145412272537e-11	
905	4.5413140911546073164e-11	
906	4.4469490086877156652e-11	
907	4.354504476054294513e-11	
908	4.2639357021680886575e-11	
909	4.1751978959428435424e-11	
910	4.0882462662923013807e-11	
911	4.0030360221302076163e-11	
912	3.9195223723703057543e-11	
913	3.8376605259263399462e-11	
914	3.7574056917120543435e-11	
915	3.6787130786411937439e-11	
916	3.6015418850084856063e-11	
917	3.5258672666325957894e-11	
918	3.4516683687131741056e-11	
919	3.3789243364498677823e-11	
920	3.3076143150423285707e-11	
921	3.2377174496902049907e-11	
922	3.1692128855931468547e-11	
923	3.1020797679508039751e-11	
924	3.0362972419628242256e-11	
925	2.9718444528288580648e-11	
926	2.9087005457485556283e-11	
927	2.8468446659215647897e-11	
928	2.786255958547536977e-11	
929	2.7269135688261194176e-11	
930	2.6687966419569628935e-11	
931	2.6118843231397162475e-11	
932	2.5561557575740296152e-11	
933	2.5015900904595521628e-11	
934	2.4481664669959327333e-11	
935	2.3958640323828217853e-11	
936	2.3446619318198675157e-11	
937	2.2945393105067203831e-11	
938	2.2454753136430298768e-11	
939	2.1974490864284445166e-11	
940	2.1504397740626141151e-11	
941	2.1044265217451884846e-11	
942	2.0593884746758171144e-11	
943	2.0153047780541488475e-11	
944	1.9721545770798338195e-11	
945	1.9299170169525202272e-11	
946	1.8885712428718591754e-11	
947	1.8480964000374988609e-11	
948	1.8084716336490894193e-11	
949	1.7696760889062796936e-11	
950	1.7316889110087198194e-11	
951	1.6944892451560586396e-11	
952	1.6580562365479459667e-11	
953	1.6223690303840309669e-11	
954	1.5874067718639634525e-11	
955	1.5531486061873922666e-11	
956	1.5195755379170628112e-11	
957	1.4866760090681025237e-11	
958	1.4544403210187352389e-11	
959	1.4228587751471826913e-11	
960	1.3919216728316690388e-11	
961	1.3616193154504169854e-11	
962	1.3319420043816500426e-11	
963	1.3028800410035909144e-11	
964	1.2744237266944631125e-11	
965	1.2465633628324891791e-11	
966	1.2192892507958929491e-11	
967	1.1925916919628971263e-11	
968	1.1664609877117248994e-11	
969	1.1408874394205996183e-11	
970	1.1158613484677438255e-11	
971	1.0913730162313811942e-11	
972	1.0674127440897347514e-11	
973	1.0439708334210275241e-11	
974	1.0210375856034827008e-11	
975	9.9860330201532347009e-12	
976	9.7665828403477253588e-12	
977	9.5519283304005373295e-12	
978	9.3419725040938976518e-12	
979	9.1366183752100382113e-12	
980	8.935768957531189278e-12	
981	8.739327264839584353e-12	
982	8.5471963109174520909e-12	
983	8.3592791095470243771e-12	
984	8.1754786745105347129e-12	
985	7.9956980195902133683e-12	
986	7.8198401585682906132e-12	
987	7.6478081052269983333e-12	
988	7.4795048733485651829e-12	
989	7.3148334767152278945e-12	
990	7.1536969291092143146e-12	
991	6.9959982443127563288e-12	
992	6.8416404361080825915e-12	
993	6.6905265182774282196e-12	
994	6.542559504603023483e-12	
995	6.3976424088670994595e-12	
996	6.2556873279781487306e-12	
997	6.1166426913497155473e-12	
998	5.9804660115216064723e-12	
999	5.847114801033624029e-12	
1000	5.7165465724255747799e-12	
1001	5.5887188382372652878e-12	
1002	5.4635891110085004994e-12	
1003	5.3411149032790861696e-12	
1004	5.2212537275888272452e-12	
1005	5.1039630964775286733e-12	
1006	4.9892005224849962086e-12	
1007	4.8769235181510364136e-12	
1008	4.7670895960154550431e-12	
1009	4.6596562686180554284e-12	
1010	4.5545810484986441321e-12	
1011	4.4518214481970269089e-12	
1012	4.3513349802530087058e-12	
1013	4.2530791572063960854e-12	
1014	4.1570114915969931867e-12	
1015	4.0630894959646057645e-12	
1016	3.9712706828490395736e-12	
1017	3.8815125647901003687e-12	
1018	3.7937726543275930968e-12	
1019	3.7080084640013243204e-12	
1020	3.6241775063510977747e-12	
1021	3.5422372939167200224e-12	
1022	3.4621453392379960104e-12	
1023	3.3838591548547318972e-12	
1024	3.3073362533067330338e-12	
1025	3.2325341471338039632e-12	
1026	3.1594103488757516519e-12	
1027	3.087922371072380239e-12	
1028	3.0180277262634954792e-12	
1029	2.9496839269889035313e-12	
1030	2.882848485788409342e-12	
1031	2.8174789152018186663e-12	
1032	2.7535327277689364511e-12	
1033	2.690967436029568451e-12	
1034	2.6297405525235208247e-12	
1035	2.5698095897905977115e-12	
1036	2.5111360850133293845e-12	
1037	2.453697673945142979e-12	
1038	2.3974760169821881294e-12	
1039	2.3424527745206164895e-12	
1040	2.2886096069565776935e-12	
1041	2.2359281746862229915e-12	
1042	2.1843901381057032294e-12	
1043	2.1339771576111684454e-12	
1044	2.0846708935987698895e-12	
1045	2.0364530064646575998e-12	
1046	1.9893051566049828263e-12	
1047	1.943209004415896011e-12	
1048	1.8981462102935480001e-12	
1049	1.8540984346340888317e-12	
1050	1.8110473378336701596e-12	
1051	1.7689745802884416181e-12	
1052	1.7278618223945544572e-12	
1053	1.6876907245481595228e-12	
1054	1.6484429471454068533e-12	
1055	1.6101001505824479003e-12	
1056	1.5726439952554322983e-12	
1057	1.536056141560511903e-12	
1058	1.5003182498938361468e-12	
1059	1.4654119806515562796e-12	
1060	1.4313189942298235512e-12	
1061	1.3980209510247875961e-12	
1062	1.365499511432600068e-12	
1063	1.3337363358494103993e-12	
1064	1.3027130846713706477e-12	
1065	1.2724114182946302455e-12	
1066	1.2428129971153406447e-12	
1067	1.2138994815296520854e-12	
1068	1.1856525319337154136e-12	
1069	1.1580538087236814753e-12	
1070	1.1310849722957007126e-12	
1071	1.1047276830459235676e-12	
1072	1.0789636013705010884e-12	
1073	1.053774387665583717e-12	
1074	1.0291417023273222994e-12	
1075	1.0050472057518672777e-12	
1076	9.8147430583906361784e-13	
1077	9.5841340050353276464e-13	
1078	9.3585663516359109069e-13	
1079	9.137961552375535549e-13	
1080	8.9222410614373622689e-13	
1081	8.7113263330045497433e-13	
1082	8.5051388212602556392e-13	
1083	8.3035999803876376237e-13	
1084	8.1066312645698513442e-13	
1085	7.9141541279900585067e-13	
1086	7.7260900248314117295e-13	
1087	7.5423604092770717088e-13	
1088	7.3628867355101971214e-13	
1089	7.1875904577139446245e-13	
1090	7.0163930300714688559e-13	
1091	6.8492159067659315216e-13	
1092	6.6859805419804912982e-13	
1093	6.5266083898983028236e-13	
1094	6.3710209047025237648e-13	
1095	6.2191395405763127985e-13	
1096	6.0708857517028275917e-13	
1097	5.9261809922652268212e-13	
1098	5.7849467164466661344e-13	
1099	5.6471043784303052178e-13	
1100	5.512575432399299719e-13	
1101	5.3812813325368103342e-13	
1102	5.2531435330259917011e-13	
1103	5.1280834880500014868e-13	
1104	5.0060226517920013972e-13	
1105	4.8868824784351440505e-13	
1106	4.7705844221625921627e-13	
1107	4.6570499371574983518e-13	
1108	4.5462004776030223043e-13	
1109	4.4379574976823237069e-13	
1110	4.3322424515785587118e-13	
1111	4.228976793474884986e-13	
1112	4.1280819775544612064e-13	
1113	4.0294794580004425154e-13	
1114	3.9330906889959885997e-13	
1115	3.8388371247242571262e-13	
1116	3.7466481578883128311e-13	
1117	3.6564849352708482224e-13	
1118	3.5683165421744659066e-13	
1119	3.4821120639017644513e-13	
1120	3.3978405857553449482e-13	
1121	3.3154711930378094989e-13	
1122	3.2349729710517571758e-13	
1123	3.1563150050997900805e-13	
1124	3.0794663804845062757e-13	
1125	3.0043961825085088726e-13	
1126	2.9310734964743979533e-13	
1127	2.8594674076847730952e-13	
1128	2.7895470014422358948e-13	
1129	2.7212813630493869393e-13	
1130	2.6546395778088258058e-13	
1131	2.5895907310231545959e-13	
1132	2.5261039079949738966e-13	
1133	2.4641481940268832851e-13	
1134	2.4036926744214838533e-13	
1135	2.3447064344813756833e-13	
1136	2.2871585595091603718e-13	
1137	2.2310181348074387583e-13	
1138	2.176254245678809915e-13	
1139	2.1228359774258764484e-13	
1140	2.0707324153512369262e-13	
1141	2.0199126447574934497e-13	
1142	1.9703457509472463536e-13	
1143	1.92200081922309572e-13	
1144	1.8748469348876431456e-13	
1145	1.8288531832434879552e-13	
1146	1.783988649593231998e-13	
1147	1.7402224192394756085e-13	
1148	1.6975235774848188688e-13	
1149	1.6558612096318626183e-13	
1150	1.6152044009832079488e-13	
1151	1.5755222368414554475e-13	
1152	1.5367838025092051962e-13	
1153	1.4989581832890577821e-13	
1154	1.462014464483614297e-13	
1155	1.4259217313954755803e-13	
1156	1.390652072820279397e-13	
1157	1.3561895915258165154e-13	
1158	1.3225213937729146295e-13	
1159	1.2896345858224009284e-13	
1160	1.2575162739351038633e-13	
1161	1.2261535643718513807e-13	
1162	1.1955335633934716793e-13	
1163	1.1656433772607922007e-13	
1164	1.1364701122346407649e-13	
1165	1.108000874575845571e-13	
1166	1.0802227705452340602e-13	
1167	1.0531229064036345578e-13	
1168	1.02668838841187501e-13	
1169	1.0009063228307829847e-13	
1170	9.7576381592118655432e-14	
1171	9.5124797394391341292e-14	
1172	9.2734590315979175929e-14	
1173	9.0404470982964953983e-14	
1174	8.8133150021431419603e-14	
1175	8.5919338057461392673e-14	
1176	8.3761745717137655208e-14	
1177	8.1659083626543014469e-14	
1178	7.9610062411760214607e-14	
1179	7.7613392698872100748e-14	
1180	7.5667785113961442286e-14	
1181	7.3771950283111008617e-14	
1182	7.1924598832403607e-14	
1183	7.0124441387922019452e-14	
1184	6.837018857574902799e-14	
1185	6.6660551021967465118e-14	
1186	6.4994239352660049742e-14	
1187	6.3369964193909639611e-14	
1188	6.1786436171798978876e-14	
1189	6.0242365912410874797e-14	
1190	5.873646404182810939e-14	
1191	5.7267441186133489917e-14	
1192	5.5834007971409779459e-14	
1193	5.4434875023739778968e-14	
1194	5.3068752969206283081e-14	
1195	5.1734352433892080126e-14	
1196	5.0430520036117870804e-14	
1197	4.9156646363156093659e-14	
1198	4.7912257994517074369e-14	
1199	4.6696881509711144917e-14	
1200	4.5510043488248649914e-14	
1201	4.4351270509639921344e-14	
1202	4.3220089153395322749e-14	
1203	4.2116025999025167182e-14	
1204	4.1038607626039811872e-14	
1205	3.9987360613949576184e-14	
1206	3.8961811542264811037e-14	
1207	3.7961486990495861039e-14	
1208	3.6985913538153058177e-14	
1209	3.6034617764746740746e-14	
1210	3.5107126249787253355e-14	
1211	3.4202965572784921679e-14	
1212	3.3321662313250096638e-14	
1213	3.246274305069312915e-14	
1214	3.1625734364624325957e-14	
1215	3.0810162834554056911e-14	
1216	3.0015555039992641377e-14	
1217	2.9241437560450430274e-14	
1218	2.8487336975437742965e-14	
1219	2.7752779864464949302e-14	
1220	2.703729280704236865e-14	
1221	2.6340402382680339306e-14	
1222	2.5661635170889209032e-14	
1223	2.5000517751179312972e-14	
1224	2.4356576703060992577e-14	
1225	2.3729338606044576678e-14	
1226	2.3118330039640416193e-14	
1227	2.2523077583358846265e-14	
1228	2.1943107816710202035e-14	
1229	2.1377947319204831267e-14	
1230	2.082712267035306279e-14	
1231	2.0290160449665247525e-14	
1232	1.9766587236651714302e-14	
1233	1.9255929610822804572e-14	
1234	1.875771415168885979e-14	
1235	1.8271467438760215096e-14	
1236	1.7796764154803438083e-14	
1237	1.7333371395609975667e-14	
1238	1.6881104360227504058e-14	
1239	1.6439778247703702621e-14	
1240	1.6009208257086241257e-14	
1241	1.5589209587422796176e-14	
1242	1.5179597437761043589e-14	
1243	1.478018700714865655e-14	
1244	1.4390793494633311272e-14	
1245	1.4011232099262683963e-14	
1246	1.364131802008444768e-14	
1247	1.3280866456146278633e-14	
1248	1.2929692606495849878e-14	
1249	1.2587611670180839201e-14	
1250	1.2254438846248921238e-14	
1251	1.1929989333747767464e-14	
1252	1.1614078331725055669e-14	
1253	1.1306521039228462062e-14	
1254	1.1007132655305656544e-14	
1255	1.0715728379004318481e-14	
1256	1.0432123409372122506e-14	
1257	1.0156132945456744829e-14	
1258	9.8875721863058553498e-15	
1259	9.6262563309671334348e-15	
1260	9.3720005784882552946e-15	
1261	9.1246201279168892511e-15	
1262	8.8839301783007194036e-15	
1263	8.6497459286874124965e-15	
1264	8.4218825781246478957e-15	
1265	8.2001553256600986564e-15	
1266	7.984379370341442567e-15	
1267	7.7743699112163511051e-15	
1268	7.5699421473325004811e-15	
1269	7.3709112777375684835e-15	
1270	7.1770925014792265896e-15	
1271	6.9883010176051502214e-15	
1272	6.8043520251630148005e-15	
1273	6.6250607232004965377e-15	
1274	6.4502423107652684879e-15	
1275	6.2797119869050076509e-15	
1276	6.1133045983124365266e-15	
1277	5.95093358226047855e-15	
1278	5.7925320236671018679e-15	
1279	5.6380330074502793602e-15	
1280	5.4873696185279815402e-15	
1281	5.3404749418181789212e-15	
1282	5.1972820622388412276e-15	
1283	5.0577240647079429172e-15	
1284	4.9217340341434513478e-15	
1285	4.7892450554633378215e-15	
1286	4.6601902135855744293e-15	
1287	4.534502593428130107e-15	
1288	4.4121152799089793121e-15	
1289	4.2929613579460886136e-15	
1290	4.1769739124574316802e-15	
1291	4.0640860283609774477e-15	
1292	3.9542307905746980069e-15	
1293	3.847341284016565449e-15	
1294	3.743350593604546343e-15	
1295	3.6421918042566159353e-15	
1296	3.5437980008907427672e-15	
1297	3.4481022684248985351e-15	
1298	3.3550376917770541469e-15	
1299	3.2645373558651793271e-15	
1300	3.1765343456072457722e-15	
1301	3.0909617459212251788e-15	
1302	3.0077526417250864826e-15	
1303	2.9268401179368013801e-15	
1304	2.848157259474341568e-15	
1305	2.7716371512556763763e-15	
1306	2.697212878198777896e-15	
1307	2.6248175252216158515e-15	
1308	2.5543841772421615452e-15	
1309	2.4858459191783866735e-15	
1310	2.4191358359482609609e-15	
1311	2.354187012469756104e-15	
1312	2.2909325336608418274e-15	
1313	2.2293054844394894331e-15	
1314	2.1692389497236702233e-15	
1315	2.1106660144313547114e-15	
1316	2.0535270297780743014e-15	
1317	1.9977914121696051433e-15	
1318	1.9434358443092827001e-15	
1319	1.8904370089004436182e-15	
1320	1.8387715886464233605e-15	
1321	1.7884162662505589678e-15	
1322	1.7393477244161859032e-15	
1323	1.6915426458466417989e-15	
1324	1.6449777132452607375e-15	
1325	1.5996296093153805486e-15	
1326	1.5554750167603366952e-15	
1327	1.5124906182834656264e-15	
1328	1.4706530965881039886e-15	
1329	1.4299391343775868502e-15	
1330	1.3903254143552510548e-15	
1331	1.3517886192244328544e-15	
1332	1.3143054316884685007e-15	
1333	1.2778525344506944428e-15	
1334	1.2424066102144459466e-15	
1335	1.2079443416830602501e-15	
1336	1.1744424115598730134e-15	
1337	1.1418775025482202912e-15	
1338	1.1102262973514385325e-15	
1339	1.0794654786728641866e-15	
1340	1.0495717292158331108e-15	
1341	1.020521731683681557e-15	
1342	9.922921687797455799e-16	
1343	9.6485972320736143133e-16	
1344	9.3820107766986595483e-16	
1345	9.1229291487059481063e-16	
1346	8.8711191751288375756e-16	
1347	8.6263476830006993498e-16	
1348	8.3883814993548860868e-16	
1349	8.156987451224768194e-16	
1350	7.9319323656437032598e-16	
1351	7.7129830696450528168e-16	
1352	7.499906390262181356e-16	
1353	7.2924691545284484379e-16	
1354	7.0904381894772155953e-16	
1355	6.893580322141849291e-16	
1356	6.7016874394955245449e-16	
1357	6.51465166827069399e-16	
1358	6.3323901951396227602e-16	
1359	6.1548202067745759895e-16	
1360	5.9818588898478237424e-16	
1361	5.8134234310316331248e-16	
1362	5.6494310169982692709e-16	
1363	5.4897988344200002727e-16	
1364	5.3344440699690922503e-16	
1365	5.183283910317813296e-16	
1366	5.0362355421384285437e-16	
1367	4.8932161521032070716e-16	
1368	4.7541429268844149998e-16	
1369	4.6189330531543204206e-16	
1370	4.4875037175851864956e-16	
1371	4.3597721068492842755e-16	
1372	4.2356554076188798801e-16	
1373	4.1150708065662394296e-16	
1374	3.997935490363629044e-16	
1375	3.8841666456833173085e-16	
1376	3.7736814591975713293e-16	
1377	3.6663971175786572264e-16	
1378	3.5622308074988421059e-16	
1379	3.4610997156303925809e-16	
1380	3.3629210286455767436e-16	
1381	3.267611933216660714e-16	
1382	3.1750896160159120914e-16	
1383	3.0852712637155965027e-16	
1384	2.9980740629879825332e-16	
1385	2.9134152005053367959e-16	
1386	2.8312118629399254108e-16	
1387	2.7513812369640154842e-16	
1388	2.6738405092498746152e-16	
1389	2.5985068664697699098e-16	
1390	2.5252974952959674882e-16	
1391	2.4541295824007354426e-16	
1392	2.3849203144563398929e-16	
1393	2.3175868781350479453e-16	
1394	2.2520464601091267059e-16	
1395	2.1882162470508427879e-16	
1396	2.1260226709796345347e-16	
1397	2.0654291453036237606e-16	
1398	2.0064083287781037637e-16	
1399	1.9489328801583668561e-16	
1400	1.8929754581997055964e-16	
1401	1.8385087216574137758e-16	
1402	1.7855053292867837063e-16	
1403	1.7339379398431084395e-16	
1404	1.6837792120816805342e-16	
1405	1.6350018047577927953e-16	
1406	1.5875783766267390141e-16	
1407	1.5414815864438110096e-16	
1408	1.496684092964302573e-16	
1409	1.4531585549435055233e-16	
1410	1.4108776311367138983e-16	
1411	1.3698139802992192704e-16	
1412	1.3299402611863154308e-16	
1413	1.2912291325532956778e-16	
1414	1.2536532531554515837e-16	
1415	1.2171852817480766933e-16	
1416	1.1817978770864640583e-16	
1417	1.1474636979259062371e-16	
1418	1.1141554030216962814e-16	
1419	1.0818456511291269965e-16	
1420	1.0505071010034911872e-16	
1421	1.0201124114000820286e-16	
1422	9.9063424107419195601e-17	
1423	9.6204524878111389776e-17	
1424	9.3431809327614127526e-17	
1425	9.0742543331456640059e-17	
1426	8.813399276516823254e-17	
1427	8.5603423504278185478e-17	
1428	8.3148101424315779385e-17	
1429	8.0765292400810319424e-17	
1430	7.8452262309291110758e-17	
1431	7.6206277025287396921e-17	
1432	7.4024602424328495401e-17	
1433	7.1904504381943662059e-17	
1434	6.9843248773662202056e-17	
1435	6.7838101475013432883e-17	
1436	6.5886614028506100193e-17	
1437	6.398748064456701976e-17	
1438	6.2139681200602497151e-17	
1439	6.0342195574018776305e-17	
1440	5.8594003642222199767e-17	
1441	5.6894085282619036127e-17	
1442	5.5241420372615609442e-17	
1443	5.3634988789618206791e-17	
1444	5.2073770411033102927e-17	
1445	5.055674511426658493e-17	
1446	4.9082892776724995344e-17	
1447	4.7651193275814578109e-17	
1448	4.6260626488941669606e-17	
1449	4.4910172293512532263e-17	
1450	4.3598810566933477812e-17	
1451	4.2325521186610799493e-17	
1452	4.1089284029950790549e-17	
1453	3.9889078974359744222e-17	
1454	3.8723885897243959917e-17	
1455	3.7592684676009724713e-17	
1456	3.6494455188063338014e-17	
1457	3.5428177310811099227e-17	
1458	3.4392830921659289265e-17	
1459	3.3387395898014226025e-17	
1460	3.2410852117282178095e-17	
1461	3.1462179456869457207e-17	
1462	3.0540357794182356603e-17	
1463	2.9644367006627163361e-17	
1464	2.8773186971610189212e-17	
1465	2.7925797566537702747e-17	
1466	2.7101178668816028023e-17	
1467	2.6298310155851433629e-17	
1468	2.5516171905050231296e-17	
1469	2.4753743793818711185e-17	
1470	2.401000569956316962e-17	
1471	2.3283937499689899842e-17	
1472	2.2574519071605195093e-17	
1473	2.1880730292715348616e-17	
1474	2.1201551040426662896e-17	
1475	2.0535961192145428095e-17	
1476	1.9883219633166815516e-17	
1477	1.9243701280341502554e-17	
1478	1.8618060058409044665e-17	
1479	1.8006949892109000385e-17	
1480	1.7411024706180915927e-17	
1481	1.6830938425364355991e-17	
1482	1.6267344974398866789e-17	
1483	1.5720898278024003776e-17	
1484	1.5192252260979328573e-17	
1485	1.4682060848004384308e-17	
1486	1.4190977963838732602e-17	
1487	1.3719657533221931992e-17	
1488	1.3268753480893527148e-17	
1489	1.2838919731593082771e-17	
1490	1.2430810210060145073e-17	
1491	1.2045078841034274132e-17	
1492	1.1682379549255022323e-17	
1493	1.1343366259461942021e-17	
1494	1.1028692896394590221e-17	
1495	1.0739013384792523921e-17	
1496	1.0474981649395292415e-17	
1497	1.0237251614942454239e-17	
1498	1.0026477206173563309e-17	
1499	9.8433123478281720001e-18	
