# ell:		[0-0]		
0	8.3678215504218278584e-05	
1	8.3368941716580223446e-05	
2	8.2148207926149320861e-05	
3	8.0607238916830827296e-05	
4	7.8958338987138867809e-05	
5	7.7291402252979639451e-05	
6	7.5653170077957660454e-05	
7	7.4080779219484071572e-05	
8	7.2555373147012392973e-05	
9	7.1089499982948458636e-05	
10	6.967450226493672428e-05	
11	6.830921608129409241e-05	
12	6.6982296548016696347e-05	
13	6.568667474011235575e-05	
14	6.4416204370520223463e-05	
15	6.3166240417809248154e-05	
16	6.1930837441939617688e-05	
17	6.0704320627016398961e-05	
18	5.9484020465056924041e-05	
19	5.8268166266424183911e-05	
20	5.7055577306951628131e-05	
21	5.584541070990722356e-05	
22	5.4637585022826771304e-05	
23	5.3432433885193587907e-05	
24	5.2231189880013352957e-05	
25	5.1035310326172340185e-05	
26	4.9846347553235902886e-05	
27	4.8666233933485787135e-05	
28	4.7496996849882838895e-05	
29	4.6340682092742537727e-05	
30	4.5199409081799121204e-05	
31	4.4075315644141480824e-05	
32	4.2970539606858521638e-05	
33	4.1887133612733121787e-05	
34	4.0826809567324099195e-05	
35	3.9791194191884258428e-05	
36	3.8781914207666383723e-05	
37	3.7800466944508230322e-05	
38	3.6847832166587335845e-05	
39	3.5924860246666215694e-05	
40	3.5032401557507358164e-05	
41	3.4171306471873265104e-05	
42	3.3342250283718169001e-05	
43	3.2545207971763204561e-05	
44	3.1779979435921250678e-05	
45	3.1046364576105172695e-05	
46	3.0344163292227859674e-05	
47	2.9673175484202160015e-05	
48	2.9033066183884474927e-05	
49	2.8422960950905271153e-05	
50	2.7841850476838527585e-05	
51	2.7288725453258236666e-05	
52	2.6762576571738377288e-05	
53	2.6262394523852931731e-05	
54	2.5787170001175889049e-05	
55	2.5335839712537903842e-05	
56	2.4907124435796303038e-05	
57	2.449969096606509605e-05	
58	2.4112206098458278735e-05	
59	2.3743336628089863896e-05	
60	2.3391749350073850778e-05	
61	2.3056111059524242018e-05	
62	2.2735088551555040251e-05	
63	2.2427370771539017618e-05	
64	2.2131735265883997174e-05	
65	2.1846981731256588422e-05	
66	2.1571909864323383921e-05	
67	2.1305319361750976232e-05	
68	2.1046009920205974858e-05	
69	2.079278123635496897e-05	
70	2.0544433006864557906e-05	
71	2.0299764928401341002e-05	
72	2.0057689603699855804e-05	
73	1.9817571259766409634e-05	
74	1.9578887029675241246e-05	
75	1.9341114046500609722e-05	
76	1.9103729443316747039e-05	
77	1.8866210353197905504e-05	
78	1.8628033909218330648e-05	
79	1.8388677244452271387e-05	
80	1.8147617491973966477e-05	
81	1.7904331784857664835e-05	
82	1.7658423719357424562e-05	
83	1.7410002744446557429e-05	
84	1.7159304772278167447e-05	
85	1.6906565715005385735e-05	
86	1.6652021484781323081e-05	
87	1.6395907993759097049e-05	
88	1.6138461154091831982e-05	
89	1.587991687793263189e-05	
90	1.5620511077434631281e-05	
91	1.5360479664750934165e-05	
92	1.5100058552034664885e-05	
93	1.4839483651438942698e-05	
94	1.4579023309233865208e-05	
95	1.4319075608157463716e-05	
96	1.4060071065064754645e-05	
97	1.3802440196810749333e-05	
98	1.3546613520250470978e-05	
99	1.3293021552238925838e-05	
100	1.3042094809631133722e-05	
101	1.2794263809282111052e-05	
102	1.2549959068046869168e-05	
103	1.2309611102780424491e-05	
104	1.2073650430337791749e-05	
105	1.1842507567573985668e-05	
106	1.1616613031344020978e-05	
107	1.1396327995040990956e-05	
108	1.1181736258210294612e-05	
109	1.0972852276935402731e-05	
110	1.0769690507299792875e-05	
111	1.0572265405386939216e-05	
112	1.0380591427280321009e-05	
113	1.0194683029063405651e-05	
114	1.0014554666819675785e-05	
115	9.8402207966326005027e-06	
116	9.6716958745856556701e-06	
117	9.5089943567623205425e-06	
118	9.3521306992460659049e-06	
119	9.20111935812036593e-06	
120	9.0559747894686981791e-06	
121	8.9167114493745368249e-06	
122	8.7832954821354674191e-06	
123	8.6554997849055227222e-06	
124	8.533048943052843485e-06	
125	8.4156675419455721527e-06	
126	8.3030801669518528642e-06	
127	8.1950114034398229826e-06	
128	8.0911858367776317289e-06	
129	7.9913280523334147721e-06	
130	7.8951626354753179452e-06	
131	7.8024141715714836933e-06	
132	7.7128072459900527674e-06	
133	7.6260664440991676125e-06	
134	7.5419163512669715207e-06	
135	7.4600815528616060899e-06	
136	7.3802866342512146123e-06	
137	7.3022561808039386858e-06	
138	7.2257147778879190613e-06	
139	7.1503870108713007251e-06	
140	7.0760298723881219707e-06	
141	7.0025299841360163448e-06	
142	6.9298063750785123953e-06	
143	6.8577780741791429057e-06	
144	6.7863641104014364239e-06	
145	6.7154835127089231923e-06	
146	6.645055310065135994e-06	
147	6.5749985314336025302e-06	
148	6.5052322057778555841e-06	
149	6.4356753620614220098e-06	
150	6.3662470292478354376e-06	
151	6.2968662363006244157e-06	
152	6.2274520121833200332e-06	
153	6.1579233858594525323e-06	
154	6.0881993862925538492e-06	
155	6.0181990424461508381e-06	
156	5.9478413832837762821e-06	
157	5.8770454377689612706e-06	
158	5.8057302348652343516e-06	
159	5.7338148035361257674e-06	
160	5.6612476789695753758e-06	
161	5.588095421251153875e-06	
162	5.5144540966908407319e-06	
163	5.4404197715986179543e-06	
164	5.3660885122844624682e-06	
165	5.2915563850583537402e-06	
166	5.2169194562302720843e-06	
167	5.1422737921101995085e-06	
168	5.0677154590081129385e-06	
169	4.9933405232339926882e-06	
170	4.9192450510978190714e-06	
171	4.8455251089095707082e-06	
172	4.7722767629792279122e-06	
173	4.6995960796167718444e-06	
174	4.6275791251321777366e-06	
175	4.5563219658354301377e-06	
176	4.4859206680365068206e-06	
177	4.4164712980453864051e-06	
178	4.3480699221720508992e-06	
179	4.2808126067264772285e-06	
180	4.2147954180186465541e-06	
181	4.1501144223585391898e-06	
182	4.0868656860561337554e-06	
183	4.0251234855080674838e-06	
184	3.964874937457612907e-06	
185	3.9060853687346977817e-06	
186	3.8487201061692498648e-06	
187	3.7927444765911977602e-06	
188	3.7381238068304709188e-06	
189	3.6848234237169975209e-06	
190	3.6328086540807061703e-06	
191	3.5820448247515254711e-06	
192	3.5324972625593844504e-06	
193	3.4841312943342104417e-06	
194	3.4369122469059337429e-06	
195	3.3908054471044808403e-06	
196	3.3457762217597828788e-06	
197	3.3017898977017671918e-06	
198	3.2588118017603615361e-06	
199	3.2168072607654953626e-06	
200	3.1757416015470981221e-06	
201	3.1355801509350971481e-06	
202	3.0962882357594201973e-06	
203	3.0578311828499984147e-06	
204	3.0201743190367578632e-06	
205	2.983282971149629264e-06	
206	2.9471224660185399506e-06	
207	2.9116581304734193738e-06	
208	2.876855291344194867e-06	
209	2.8426792754607963046e-06	
210	2.8090982841933975768e-06	
211	2.7760920170731575306e-06	
212	2.7436430481714836877e-06	
213	2.7117339515597793344e-06	
214	2.6803473013094502983e-06	
215	2.6494656714919019832e-06	
216	2.6190716361785406403e-06	
217	2.5891477694407708264e-06	
218	2.5596766453499987926e-06	
219	2.5306408379776286722e-06	
220	2.5020229213950667164e-06	
221	2.4738054696737183291e-06	
222	2.4459710568849889142e-06	
223	2.4185022571002830288e-06	
224	2.3913816443910073472e-06	
225	2.3645917928285664266e-06	
226	2.3381152764843660943e-06	
227	2.3119346694298113308e-06	
228	2.2860325457363079637e-06	
229	2.2603914794752613969e-06	
230	2.2349940447180766108e-06	
231	2.209822815536159433e-06	
232	2.1848603660009148439e-06	
233	2.160089270183748671e-06	
234	2.1354921021560658948e-06	
235	2.1110514359892723427e-06	
236	2.0867498457547734188e-06	
237	2.062569905523974527e-06	
238	2.0384941893682806478e-06	
239	2.0145052713590971851e-06	
240	1.9905857255678299665e-06	
241	1.9667223985786279938e-06	
242	1.9429192270266167779e-06	
243	1.9191844200596641569e-06	
244	1.8955261868256396633e-06	
245	1.871952736472412194e-06	
246	1.8484722781478508577e-06	
247	1.8250930209998234927e-06	
248	1.8018231741761994195e-06	
249	1.7786709468248477468e-06	
250	1.75564454809363716e-06	
251	1.7327521871304363442e-06	
252	1.7100020730831144083e-06	
253	1.6874024150995400374e-06	
254	1.6649614223275823403e-06	
255	1.6426873039151095789e-06	
256	1.6205882690099908617e-06	
257	1.5986725267600952977e-06	
258	1.5769482863132919955e-06	
259	1.5554237568174490051e-06	
260	1.5341071474204356472e-06	
261	1.5130066672701208185e-06	
262	1.4921305255143729928e-06	
263	1.4714869313010612786e-06	
264	1.4510840937780541496e-06	
265	1.4309302220932209262e-06	
266	1.4110335253944305054e-06	
267	1.3914022128295515725e-06	
268	1.3720444935464526011e-06	
269	1.3529685766930029115e-06	
270	1.3341826714170709773e-06	
271	1.315694986866526119e-06	
272	1.2975137321892365983e-06	
273	1.2796471165330721594e-06	
274	1.2621033490459008521e-06	
275	1.2448906388755915734e-06	
276	1.2280146419641475306e-06	
277	1.2114708014301089595e-06	
278	1.1952520071861499827e-06	
279	1.1793511491449445109e-06	
280	1.1637611172191670902e-06	
281	1.1484748013214918431e-06	
282	1.1334850913645931039e-06	
283	1.1187848772611454187e-06	
284	1.1043670489238222748e-06	
285	1.0902244962652982181e-06	
286	1.0763501091982477948e-06	
287	1.0627367776353449156e-06	
288	1.049377391489263703e-06	
289	1.0362648406726791267e-06	
290	1.0233920150982644621e-06	
291	1.0107518046786946788e-06	
292	9.9833709932664326409e-07	
293	9.8614078895478539924e-07	
294	9.7415576347579478329e-07	
295	9.6237491280234532702e-07	
296	9.5079112684711221176e-07	
297	9.3939729552276871302e-07	
298	9.2818630874198948272e-07	
299	9.1715105641744885516e-07	
300	9.06284428461820847e-07	
301	8.9557931478777979252e-07	
302	8.8502860530800002604e-07	
303	8.7462518993515556419e-07	
304	8.6436195858192084716e-07	
305	8.5423180116096999749e-07	
306	8.4422760758497734945e-07	
307	8.3434226776661713149e-07	
308	8.2456867161856336023e-07	
309	8.1489970905349047588e-07	
310	8.0532826998407260094e-07	
311	7.9584724432298417562e-07	
312	7.8644952198289932242e-07	
313	7.7712799287649216391e-07	
314	7.6787554691643714024e-07	
315	7.5868507401540826807e-07	
316	7.4955082148924898194e-07	
317	7.4047246626647922321e-07	
318	7.3145104267878750408e-07	
319	7.2248758505786276028e-07	
320	7.1358312773539392752e-07	
321	7.0473870504306994153e-07	
322	6.959553513125793145e-07	
323	6.8723410087561108805e-07	
324	6.7857598806385419789e-07	
325	6.699820472089972621e-07	
326	6.6145331264272911053e-07	
327	6.5299081869673889065e-07	
328	6.4459559970271511468e-07	
329	6.362686899923468242e-07	
330	6.2801112389732263731e-07	
331	6.1982393574933170147e-07	
332	6.1170815988006252891e-07	
333	6.0366483062120437297e-07	
334	5.956949823044455341e-07	
335	5.8779964926147537154e-07	
336	5.7997986582398239749e-07	
337	5.7223666632365554767e-07	
338	5.6457108509218365193e-07	
339	5.5698415646125554011e-07	
340	5.4947691476256004204e-07	
341	5.4205039432778619933e-07	
342	5.3470562948862252419e-07	
343	5.2744365457675795233e-07	
344	5.2026550392388141947e-07	
345	5.1317221186168164958e-07	
346	5.0616481272184779014e-07	
347	4.9924434083606835335e-07	
348	4.9241183053603206317e-07	
349	4.8566831615342817297e-07	
350	4.7901483201994519494e-07	
351	4.7245241246727211774e-07	
352	4.6598209182709782417e-07	
353	4.5960490443111093229e-07	
354	4.5332188461100048372e-07	
355	4.4713406669845530828e-07	
356	4.4104206492880106784e-07	
357	4.3504481315191112279e-07	
358	4.2914082512129587731e-07	
359	4.2332861459046552383e-07	
360	4.1760669531293030769e-07	
361	4.1197358104220052718e-07	
362	4.0642778553178658649e-07	
363	4.0096782253519862508e-07	
364	3.9559220580594694125e-07	
365	3.902994490975418333e-07	
366	3.8508806616349354658e-07	
367	3.7995657075731253821e-07	
368	3.7490347663250889471e-07	
369	3.6992729754259291439e-07	
370	3.6502654724107484259e-07	
371	3.6019973948146518938e-07	
372	3.5544538801727393541e-07	
373	3.5076200660201164366e-07	
374	3.4614810898918840069e-07	
375	3.4160220893231450477e-07	
376	3.3712282018490025421e-07	
377	3.3270845650045600024e-07	
378	3.2835763163249193527e-07	
379	3.2406885933451841055e-07	
380	3.1984065336004556553e-07	
381	3.1567152746258385735e-07	
382	3.1155999539564353134e-07	
383	3.0750457091273477993e-07	
384	3.0350376776736790142e-07	
385	2.9955609971305324703e-07	
386	2.9566008050330100918e-07	
387	2.9181422389162153911e-07	
388	2.880170436315251351e-07	
389	2.8426705347652193664e-07	
390	2.805627671801223479e-07	
391	2.7690269849583666717e-07	
392	2.7328536117717513981e-07	
393	2.6970926897764795823e-07	
394	2.6617293565076547367e-07	
395	2.6267487495003803736e-07	
396	2.5921381857773712137e-07	
397	2.5578937003117958108e-07	
398	2.5240135075644349861e-07	
399	2.4904958219960685018e-07	
400	2.4573388580674792964e-07	
401	2.4245408302394466029e-07	
402	2.3920999529727523009e-07	
403	2.3600144407281764176e-07	
404	2.3282825079665003032e-07	
405	2.2969023691485050436e-07	
406	2.265872238734971195e-07	
407	2.2351903311866798433e-07	
408	2.204854860964412074e-07	
409	2.1748640425289484436e-07	
410	2.1452160903410697731e-07	
411	2.1159092188615576776e-07	
412	2.0869416425511919194e-07	
413	2.0583115758707541135e-07	
414	2.0300172332810250811e-07	
415	2.002056829242785643e-07	
416	1.9744285782168168852e-07	
417	1.9471306946638993638e-07	
418	1.9201613930448141646e-07	
419	1.8935188878203421088e-07	
420	1.8672013934512645466e-07	
421	1.8412071243983620344e-07	
422	1.8155342951224148639e-07	
423	1.7901811200842046501e-07	
424	1.7651458137445122142e-07	
425	1.7404265905641183771e-07	
426	1.7160216650038039598e-07	
427	1.6919292515243500482e-07	
428	1.6681475645865369338e-07	
429	1.6446748186511464965e-07	
430	1.6215092281789590278e-07	
431	1.5986490076307553489e-07	
432	1.5760923714673168102e-07	
433	1.5538375341494234385e-07	
434	1.5318827101378573784e-07	
435	1.5102261138933983922e-07	
436	1.4888657163354393819e-07	
437	1.4677985142178168093e-07	
438	1.4470212607529800112e-07	
439	1.4265307091533762069e-07	
440	1.4063236126314547333e-07	
441	1.386396724399663339e-07	
442	1.3667467976704503022e-07	
443	1.3473705856562652244e-07	
444	1.3282648415695550602e-07	
445	1.3094263186227688818e-07	
446	1.2908517700283547025e-07	
447	1.2725379489987615945e-07	
448	1.2544816087464370418e-07	
449	1.2366795024838298519e-07	
450	1.2191283834233885676e-07	
451	1.2018250047775612022e-07	
452	1.1847661197587964308e-07	
453	1.167948481579542664e-07	
454	1.1513688434522480473e-07	
455	1.1350239585893609913e-07	
456	1.1189105802033299063e-07	
457	1.1030254615066033352e-07	
458	1.087365355711629556e-07	
459	1.0719270160308569792e-07	
460	1.0567071956767334857e-07	
461	1.0417026478617082801e-07	
462	1.0269101257982293758e-07	
463	1.0123263826987447862e-07	
464	9.9794817177570345098e-08	
465	9.8377224624155364837e-08	
466	9.6979535930874325935e-08	
467	9.5601426418972135609e-08	
468	9.4242571409693595197e-08	
469	9.2902646224283545741e-08	
470	9.1581326183986828284e-08	
471	9.027828661004828387e-08	
472	8.899320282371272707e-08	
473	8.7725750146225025398e-08	
474	8.6475603898829993425e-08	
475	8.5242439402772498666e-08	
476	8.4025954822625143002e-08	
477	8.2825939696271717264e-08	
478	8.1642206404923799593e-08	
479	8.0474567329792954895e-08	
480	7.932283485209076131e-08	
481	7.8186821353028783744e-08	
482	7.7066339213818613573e-08	
483	7.5961200815671802467e-08	
484	7.4871218539799928568e-08	
485	7.3796204767414583249e-08	
486	7.2735971879727318184e-08	
487	7.1690332257949698277e-08	
488	7.0659098283293341373e-08	
489	6.9642082336969759439e-08	
490	6.8639096800190570321e-08	
491	6.7649954054167338923e-08	
492	6.6674466480111643387e-08	
493	6.5712446459235035384e-08	
494	6.4763706372749079819e-08	
495	6.3828058601865381302e-08	
496	6.290531552779550474e-08	
497	6.1995289531751028273e-08	
498	6.1097792994943490338e-08	
499	6.0212638298584495544e-08	
500	5.9339637823885622032e-08	
501	5.847860395205842809e-08	
502	5.7629349064314485243e-08	
503	5.6791685541865365012e-08	
504	5.5965425765922652157e-08	
505	5.5150382117697898347e-08	
506	5.4346366978402708194e-08	
507	5.3553192729248633369e-08	
508	5.2770671751447245394e-08	
509	5.1998616426210129027e-08	
510	5.1236839134748849175e-08	
511	5.0485152258274990595e-08	
512	4.9743368178000111576e-08	
513	4.9011299275135777024e-08	
514	4.8288757930893591549e-08	
515	4.7575556526485100204e-08	
516	4.687152579255250465e-08	
517	4.6176569857460454302e-08	
518	4.5490611199004235331e-08	
519	4.4813572294979114053e-08	
520	4.4145375623180363405e-08	
521	4.348594366140325632e-08	
522	4.2835198887443065735e-08	
523	4.2193063779095084436e-08	
524	4.155946081415455889e-08	
525	4.0934312470416775265e-08	
526	4.0317541225677013116e-08	
527	3.9709069557730538758e-08	
528	3.9108819944372631745e-08	
529	3.8516714863398558395e-08	
530	3.7932676792603591642e-08	
531	3.735662820978301104e-08	
532	3.678849159273209614e-08	
533	3.6228189419246119878e-08	
534	3.5675644167120341954e-08	
535	3.5130778314150041921e-08	
536	3.4593514338130499331e-08	
537	3.4063774716856987119e-08	
538	3.354148192812477822e-08	
539	3.3026558449729138953e-08	
540	3.2518926759465355486e-08	
541	3.2018509335128707374e-08	
542	3.1525228654514447697e-08	
543	3.1039007195417862627e-08	
544	3.0559767435634218481e-08	
545	3.0087431852958794812e-08	
546	2.9621922925186877789e-08	
547	2.9163163130113717187e-08	
548	2.8711074945534599176e-08	
549	2.8265580849244799999e-08	
550	2.7826603319039592592e-08	
551	2.7394064832714243272e-08	
552	2.69678878680640349e-08	
553	2.6547994902884237104e-08	
554	2.6134308414970129435e-08	
555	2.5726750882116974902e-08	
556	2.5325245801418636981e-08	
557	2.4929720747163291672e-08	
558	2.4540104312937692283e-08	
559	2.4156325092328602045e-08	
560	2.3778311678922780883e-08	
561	2.3405992666306978794e-08	
562	2.3039296648067955703e-08	
563	2.267815221779247484e-08	
564	2.2322487969067292823e-08	
565	2.1972232495479162957e-08	
566	2.1627314390614845165e-08	
567	2.1287662248061096064e-08	
568	2.0953204661404685502e-08	
569	2.0623870224232350244e-08	
570	2.0299587530130866755e-08	
571	1.9980285172686985035e-08	
572	1.9665891745487465006e-08	
573	1.9356335842119063284e-08	
574	1.9051546056168533175e-08	
575	1.8751450981222644529e-08	
576	1.8455979210868144036e-08	
577	1.8165059338691798235e-08	
578	1.7878619958280353817e-08	
579	1.7596589663220580632e-08	
580	1.7318897047099231984e-08	
581	1.70454707035030678e-08	
582	1.6776239226018841384e-08	
583	1.6511131208233306044e-08	
584	1.6250075243733238246e-08	
585	1.5992999926105378062e-08	
586	1.5739833848936492034e-08	
587	1.5490505605813336777e-08	
588	1.5244943790322668905e-08	
589	1.5003076996051245033e-08	
590	1.4764833816585828395e-08	
591	1.4530142845513173951e-08	
592	1.4298932676420038317e-08	
593	1.4071131902893178106e-08	
594	1.3846669118519356552e-08	
595	1.3625472916885328616e-08	
596	1.3407478234520467891e-08	
597	1.3192645379724629124e-08	
598	1.2980941003740275766e-08	
599	1.2772331757809872925e-08	
600	1.2566784293175889017e-08	
601	1.2364265261080790803e-08	
602	1.2164741312767046699e-08	
603	1.196817909947712512e-08	
604	1.1774545272453486211e-08	
605	1.158380648293860335e-08	
606	1.1395929382174938336e-08	
607	1.1210880621404959584e-08	
608	1.1028626851871142128e-08	
609	1.0849134724815939495e-08	
610	1.0672370891481825062e-08	
611	1.0498302003111265592e-08	
612	1.0326894710946727846e-08	
613	1.0158115666230681894e-08	
614	9.9919315202055895342e-09	
615	9.8283089241139175283e-09	
616	9.667214529198134292e-09	
617	9.5086149867007115497e-09	
618	9.3524769478641061368e-09	
619	9.1987670639307947407e-09	
620	9.0474519861432375054e-09	
621	8.8984983657439045012e-09	
622	8.7518728539752641437e-09	
623	8.6075421020797749225e-09	
624	8.465472761299916834e-09	
625	8.3256314828781450591e-09	
626	8.1879849180569329766e-09	
627	8.0524997180787456935e-09	
628	7.9191425341860499712e-09	
629	7.7878800176213125713e-09	
630	7.6586788196269986006e-09	
631	7.5315055914455781294e-09	
632	7.4063269843195179191e-09	
633	7.2831096494912814223e-09	
634	7.1618202382033387092e-09	
635	7.0424254016981565413e-09	
636	6.9248936721599527004e-09	
637	6.8092011055399531872e-09	
638	6.6953256387311416403e-09	
639	6.583245208626491772e-09	
640	6.4729377521189863937e-09	
641	6.3643812061016058354e-09	
642	6.2575535074673254638e-09	
643	6.1524325931091289174e-09	
644	6.0489963999199915631e-09	
645	5.9472228647928953851e-09	
646	5.8470899246208190589e-09	
647	5.7485755162967412599e-09	
648	5.6516575767136431453e-09	
649	5.556314042764500909e-09	
650	5.4625228513422965351e-09	
651	5.3702619393400078721e-09	
652	5.2795092436506144226e-09	
653	5.1902427011670973437e-09	
654	5.1024402487824328292e-09	
655	5.0160798233896028635e-09	
656	4.9311393618815852949e-09	
657	4.8475968011513604532e-09	
658	4.7654300780919070138e-09	
659	4.6846171295962036524e-09	
660	4.6051358925572306988e-09	
661	4.5269643038679660013e-09	
662	4.4500803004213915441e-09	
663	4.3744618191104851755e-09	
664	4.3000867968282255711e-09	
665	4.2269331704675930607e-09	
666	4.1549788769215663198e-09	
667	4.0842018530831248511e-09	
668	4.0145800358452473301e-09	
669	3.9460913621009140866e-09	
670	3.8787137687431046234e-09	
671	3.8124251926647976158e-09	
672	3.7472035707589725667e-09	
673	3.6830268399186073244e-09	
674	3.619872937036683873e-09	
675	3.5577197990061800608e-09	
676	3.4965471568581042164e-09	
677	3.4363419181755779035e-09	
678	3.3770927846797544067e-09	
679	3.3187884580917841155e-09	
680	3.2614176401328182465e-09	
681	3.2049690325240084301e-09	
682	3.1494313369865062966e-09	
683	3.094793255241462649e-09	
684	3.0410434890100291175e-09	
685	2.9881707400133573325e-09	
686	2.9361637099725985107e-09	
687	2.8850111006089038687e-09	
688	2.8347016136434250369e-09	
689	2.7852239507973136454e-09	
690	2.7365668137917204974e-09	
691	2.6887189043477972231e-09	
692	2.6416689241866954529e-09	
693	2.5954055750295659898e-09	
694	2.549917558597560464e-09	
695	2.5051935766118309196e-09	
696	2.4612223307935277459e-09	
697	2.4179925228638029868e-09	
698	2.3754928545438074454e-09	
699	2.333712027554692752e-09	
700	2.2926387436176113641e-09	
701	2.2522617044537128439e-09	
702	2.2125696117841496489e-09	
703	2.1735511673300734094e-09	
704	2.1351950728126341014e-09	
705	2.0974900299529845958e-09	
706	2.0604247404722761093e-09	
707	2.0239879060916590314e-09	
708	1.9881682285322858197e-09	
709	1.9529544095153072771e-09	
710	1.9183351507618746204e-09	
711	1.884299153993140307e-09	
712	1.8508351209302538993e-09	
713	1.8179317532943682683e-09	
714	1.7855777528066344238e-09	
715	1.7537618211882037894e-09	
716	1.7224734637642088911e-09	
717	1.6917054002757097671e-09	
718	1.6614511540677469379e-09	
719	1.6317042484853613375e-09	
720	1.6024582068735934862e-09	
721	1.573706552577484525e-09	
722	1.5454428089420758014e-09	
723	1.5176604993124078359e-09	
724	1.4903531470335213556e-09	
725	1.4635142754504575013e-09	
726	1.4371374079082570004e-09	
727	1.4112160677519609935e-09	
728	1.385743778326610208e-09	
729	1.360714062977245371e-09	
730	1.3361204450489076233e-09	
731	1.311956447886637899e-09	
732	1.2882155948354769252e-09	
733	1.2648914092404658429e-09	
734	1.2419774144466451723e-09	
735	1.2194671337990562612e-09	
736	1.1973540906427396299e-09	
737	1.1756318083227362124e-09	
738	1.1542938101840869428e-09	
739	1.1333336195718329619e-09	
740	1.1127447598310149968e-09	
741	1.0925207543066737749e-09	
742	1.07265512634385023e-09	
743	1.0531413992875852963e-09	
744	1.0339730964829205282e-09	
745	1.0151437412748956188e-09	
746	9.9664685700855253618e-10	
747	9.7847596702893138716e-10	
748	9.6062459468107351934e-10	
749	9.4308626331001965994e-10	
750	9.2585449626081074298e-10	
751	9.0892281687848780587e-10	
752	8.9228474850809136902e-10	
753	8.7593381449466278005e-10	
754	8.5986353818324266277e-10	
755	8.440674429188719512e-10	
756	8.2853957897187664611e-10	
757	8.1327610431372291189e-10	
758	7.9827370384116228989e-10	
759	7.8352906245094601126e-10	
760	7.6903886503982520375e-10	
761	7.5479979650455151211e-10	
762	7.4080854174187616749e-10	
763	7.2706178564855040103e-10	
764	7.1355621312132554729e-10	
765	7.0028850905695314761e-10	
766	6.8725535835218432975e-10	
767	6.7445344590377042826e-10	
768	6.6187945660846277767e-10	
769	6.4953007536301302275e-10	
770	6.3740198706417198104e-10	
771	6.2549187660869119389e-10	
772	6.1379642889332230605e-10	
773	6.0231232881481623847e-10	
774	5.9103626126992453249e-10	
775	5.7996491115539831588e-10	
776	5.6909496336798912997e-10	
777	5.5842310280444830932e-10	
778	5.4794601436152698167e-10	
779	5.3766038293597668838e-10	
780	5.2756289342454866059e-10	
781	5.1765023072399423285e-10	
782	5.0791907973106484312e-10	
783	4.9836612534251161913e-10	
784	4.8898805245508620565e-10	
785	4.7978154596553952362e-10	
786	4.7074329077062321778e-10	
787	4.6186997176708846759e-10	
788	4.5315827385168660761e-10	
789	4.4460488192116902406e-10	
790	4.3620648087228715492e-10	
791	4.2795975560179223131e-10	
792	4.198613910064355361e-10	
793	4.1190807198296835214e-10	
794	4.0409648342814222077e-10	
795	3.9642331023870826974e-10	
796	3.8888550000276175016e-10	
797	3.8148105107377275223e-10	
798	3.7420822449655543779e-10	
799	3.6706528131592355509e-10	
800	3.6005048257669121429e-10	
801	3.5316208932367247382e-10	
802	3.4639836260168118535e-10	
803	3.3975756345553151072e-10	
804	3.3323795293003730158e-10	
805	3.2683779207001246128e-10	
806	3.2055534192027120338e-10	
807	3.1438886352562732782e-10	
808	3.0833661793089494475e-10	
809	3.0239686618088795753e-10	
810	2.965678693204204246e-10	
811	2.9084788839430630101e-10	
812	2.8523518444735949012e-10	
813	2.7972801852439420547e-10	
814	2.7432465167022414362e-10	
815	2.6902334492966356981e-10	
816	2.638223593475262323e-10	
817	2.5871995596862624123e-10	
818	2.5371439583777755166e-10	
819	2.4880393999979427372e-10	
820	2.4398684949949015569e-10	
821	2.392613853816794111e-10	
822	2.3462580869117589161e-10	
823	2.3007838047279360397e-10	
824	2.2561736177134660662e-10	
825	2.2124101363164882876e-10	
826	2.1694759709851419961e-10	
827	2.1273537321675688099e-10	
828	2.0860260303119064703e-10	
829	2.0454754758662963372e-10	
830	2.0056846792788782195e-10	
831	1.9666362509977914092e-10	
832	1.928312801471175974e-10	
833	1.8906969411471714642e-10	
834	1.853771280473918723e-10	
835	1.8175184298995565252e-10	
836	1.7819224659328836498e-10	
837	1.7469733293253295857e-10	
838	1.7126624268889838257e-10	
839	1.6789811654359337944e-10	
840	1.6459209517782684678e-10	
841	1.6134731927280760459e-10	
842	1.5816292950974449878e-10	
843	1.5503806656984640105e-10	
844	1.5197187113432207975e-10	
845	1.4896348388438045828e-10	
846	1.4601204550123027915e-10	
847	1.4311669666608046576e-10	
848	1.40276578060139864e-10	
849	1.3749083036461726805e-10	
850	1.3475859426072152379e-10	
851	1.3207901042966152878e-10	
852	1.2945121955264602551e-10	
853	1.2687436231088398911e-10	
854	1.2434757938558411036e-10	
855	1.2187001145795531267e-10	
856	1.1944079920920641609e-10	
857	1.1705908332054634402e-10	
858	1.1472400447318381312e-10	
859	1.1243470334832773387e-10	
860	1.1019032062718691338e-10	
861	1.0798999699097022337e-10	
862	1.0583287312088649681e-10	
863	1.0371808969814454079e-10	
864	1.0164478740395327873e-10	
865	9.9612106919521453126e-11	
866	9.7619188926057974468e-11	
867	9.5665174104771662786e-11	
868	9.3749203136871338109e-11	
869	9.1870416703565872164e-11	
870	9.0027955486064084978e-11	
871	8.8220960165574848279e-11	
872	8.6448571423306969169e-11	
873	8.4709929940469306452e-11	
874	8.3004176398270693078e-11	
875	8.1330451477919974927e-11	
876	7.9687969431121800381e-11	
877	7.8076238791564092476e-11	
878	7.6494841663430550902e-11	
879	7.4943360150904888276e-11	
880	7.3421376358170817215e-11	
881	7.1928472389412063258e-11	
882	7.0464230348812364871e-11	
883	6.9028232340555395897e-11	
884	6.7620060468824907726e-11	
885	6.6239296837804587125e-11	
886	6.4885523551678185483e-11	
887	6.3558322714629402492e-11	
888	6.2257276430841950769e-11	
889	6.0981966804499542929e-11	
890	5.973197593978589159e-11	
891	5.8506885940884735215e-11	
892	5.7306278911979786422e-11	
893	5.6129736957254757827e-11	
894	5.4976842180893342658e-11	
895	5.3847176687079279382e-11	
896	5.2740322579996300002e-11	
897	5.1655861963828084821e-11	
898	5.0593376942758372306e-11	
899	4.9552449620970881535e-11	
900	4.8532662102649312199e-11	
901	4.7533596491977402765e-11	
902	4.6554834893138852923e-11	
903	4.5595959410317381753e-11	
904	4.4656552147696721256e-11	
905	4.3736195209460564663e-11	
906	4.2834470699792631052e-11	
907	4.1950960722876665351e-11	
908	4.1085247382896347864e-11	
909	4.0236912784035417057e-11	
910	3.9405539030477585546e-11	
911	3.8590708226406565947e-11	
912	3.7792002476006070876e-11	
913	3.7009003883459825874e-11	
914	3.6241294552951550021e-11	
915	3.5488456588664949469e-11	
916	3.475010862452930521e-11	
917	3.4026015413456126503e-11	
918	3.3315978238102484519e-11	
919	3.2619798381125443969e-11	
920	3.1937277125182076023e-11	
921	3.1268215752929451854e-11	
922	3.0612415547024636171e-11	
923	2.9969677790124700146e-11	
924	2.933980376488671495e-11	
925	2.8722594753967745293e-11	
926	2.8117852040024865579e-11	
927	2.7525376905715143746e-11	
928	2.6944970633695654199e-11	
929	2.6376434506623451954e-11	
930	2.5819569807155614643e-11	
931	2.5274177817949210209e-11	
932	2.4740059821661306592e-11	
933	2.4217017100948981425e-11	
934	2.3704850938469292956e-11	
935	2.3203362616879312357e-11	
936	2.2712353418836110799e-11	
937	2.2231624626996762686e-11	
938	2.1760977524018323033e-11	
939	2.1300213392557875937e-11	
940	2.0849133515272479644e-11	
941	2.0407539174819211789e-11	
942	1.9975231653855137082e-11	
943	1.9552012235037323462e-11	
944	1.9137682201022845334e-11	
945	1.8732042834468764175e-11	
946	1.8334895418032154387e-11	
947	1.7946041234370083913e-11	
948	1.7565281566139620691e-11	
949	1.7192417695997835895e-11	
950	1.6827250906601800696e-11	
951	1.6469582480608576571e-11	
952	1.6119213700675237925e-11	
953	1.5775945849458855928e-11	
954	1.5439580209616495291e-11	
955	1.5109918063805227185e-11	
956	1.4786778543736874056e-11	
957	1.4470052177342258603e-11	
958	1.4159647341606972573e-11	
959	1.3855472413516591553e-11	
960	1.3557435770056694364e-11	
961	1.3265445788212867905e-11	
962	1.2979410844970692611e-11	
963	1.2699239317315745688e-11	
964	1.2424839582233612418e-11	
965	1.2156120016709876469e-11	
966	1.1892988997730111814e-11	
967	1.1635354902279906967e-11	
968	1.1383126107344840748e-11	
969	1.1136210989910493594e-11	
970	1.089451792696244594e-11	
971	1.0657955295486284686e-11	
972	1.0426431472467585419e-11	
973	1.0199854834891933424e-11	
974	9.9781337597449075194e-12	
975	9.7611766240120913738e-12	
976	9.5488918046790638071e-12	
977	9.341187678731406871e-12	
978	9.1379726231547058482e-12	
979	8.9391550149345363281e-12	
980	8.7446432310564819778e-12	
981	8.5543456485061280801e-12	
982	8.3681706442690518399e-12	
983	8.1860265953308336931e-12	
984	8.0078218786770589225e-12	
985	7.833464871293304733e-12	
986	7.6628639501651564074e-12	
987	7.4959274922781943816e-12	
988	7.3325638746179990918e-12	
989	7.1726814741701517816e-12	
990	7.0161886679202361183e-12	
991	6.8629938328538309224e-12	
992	6.7130053459565190532e-12	
993	6.5661315842138809467e-12	
994	6.4222809246114986545e-12	
995	6.2813617441349542284e-12	
996	6.1432909697865858705e-12	
997	6.0080197286357668881e-12	
998	5.8755076977686275466e-12	
999	5.7457145542712964961e-12	
1000	5.6185999752299048101e-12	
1001	5.4941236377305843696e-12	
1002	5.3722452188594622091e-12	
1003	5.2529243957026718254e-12	
1004	5.1361208453463418685e-12	
1005	5.0217942448766017963e-12	
1006	4.9099042713795834899e-12	
1007	4.8004106019414147916e-12	
1008	4.6932729136482300059e-12	
1009	4.5884508835861553594e-12	
1010	4.4859041888413219256e-12	
1011	4.3855925064998615857e-12	
1012	4.2874755136479021819e-12	
1013	4.1915128873715772109e-12	
1014	4.097664304757014515e-12	
1015	4.0058894428903435521e-12	
1016	3.9161479788576962032e-12	
1017	3.8283995897452027341e-12	
1018	3.7426039526389926024e-12	
1019	3.6587207446251968817e-12	
1020	3.5767096427899450297e-12	
1021	3.496530324219367716e-12	
1022	3.4181424659995952061e-12	
1023	3.341505745216756554e-12	
1024	3.2665798389569836408e-12	
1025	3.1933244243064055205e-12	
1026	3.1216991783511532664e-12	
1027	3.0516637781773567404e-12	
1028	2.983177900871145804e-12	
1029	2.9162012235186507229e-12	
1030	2.8506934232060025706e-12	
1031	2.7866141770193312086e-12	
1032	2.7239231620447660949e-12	
1033	2.6625800553684383027e-12	
1034	2.6025445340764780978e-12	
1035	2.543776275255014938e-12	
1036	2.4862386593175701686e-12	
1037	2.429909879987227839e-12	
1038	2.3747718343144614625e-12	
1039	2.3208064193497449565e-12	
1040	2.2679955321435526423e-12	
1041	2.2163210697463588411e-12	
1042	2.1657649292086374703e-12	
1043	2.116309007580863659e-12	
1044	2.0679352019135101127e-12	
1045	2.0206254092570515568e-12	
1046	1.9743615266619627162e-12	
1047	1.9291254511787162968e-12	
1048	1.8848990798577882353e-12	
1049	1.8416643097496512374e-12	
1050	1.7994030379047802301e-12	
1051	1.758097161373648929e-12	
1052	1.7177285772067318573e-12	
1053	1.6782791824545031341e-12	
1054	1.639730874167436273e-12	
1055	1.6020655493960062012e-12	
1056	1.5652651051906866339e-12	
1057	1.5293114386019518925e-12	
1058	1.4941864466802758943e-12	
1059	1.4598720264761333645e-12	
1060	1.4263500750399974126e-12	
1061	1.3936024894223431677e-12	
1062	1.3616111666736443452e-12	
1063	1.3303580038443750644e-12	
1064	1.2998248979850096466e-12	
1065	1.269993746146022211e-12	
1066	1.2408464453778866751e-12	
1067	1.2123648927310773601e-12	
1068	1.1845309852560683852e-12	
1069	1.157326620003333668e-12	
1070	1.1307336940233479334e-12	
1071	1.1047341043665850989e-12	
1072	1.0793097480835186779e-12	
1073	1.0544425222246235976e-12	
1074	1.0301143238403735733e-12	
1075	1.0063070499812431282e-12	
1076	9.830043843871671466e-13	
1077	9.6019715755592660108e-13	
1078	9.3787798667476262341e-13	
1079	9.1603948893091695116e-13	
1080	8.9467428151163081704e-13	
1081	8.7377498160414656444e-13	
1082	8.5333420639570532511e-13	
1083	8.3334457307354903855e-13	
1084	8.1379869882491893746e-13	
1085	7.946892008370568604e-13	
1086	7.7600869629720404005e-13	
1087	7.5774980239260271885e-13	
1088	7.3990513631049412951e-13	
1089	7.2246731523811980765e-13	
1090	7.0542895636272149084e-13	
1091	6.8878267687154071469e-13	
1092	6.7252109395181921677e-13	
1093	6.5663682479079863369e-13	
1094	6.4112248657572019814e-13	
1095	6.2597069649382595061e-13	
1096	6.1117407173235732575e-13	
1097	5.9672522947855596015e-13	
1098	5.8261678691966328846e-13	
1099	5.6884136124292114923e-13	
1100	5.5539156963557117905e-13	
1101	5.4226002928485461062e-13	
1102	5.2943935737801368637e-13	
1103	5.1692217110228923512e-13	
1104	5.0470108764492349929e-13	
1105	4.9276872419315781257e-13	
1106	4.8111769793423371058e-13	
1107	4.6974062605539313282e-13	
1108	4.5863012574387721103e-13	
1109	4.4777881418692793522e-13	
1110	4.3717930857178684099e-13	
1111	4.268242260856954135e-13	
1112	4.1670618391589528932e-13	
1113	4.0681779924962815555e-13	
1114	3.9715168927413549732e-13	
1115	3.8770047117665910268e-13	
1116	3.784574621394753538e-13	
1117	3.694187793250008268e-13	
1118	3.6058123989068699485e-13	
1119	3.5194166099398507866e-13	
1120	3.4349685979234655139e-13	
1121	3.3524365344322298717e-13	
1122	3.2717885910406560672e-13	
1123	3.1929929393232598418e-13	
1124	3.1160177508545549173e-13	
1125	3.0408311972090550155e-13	
1126	2.967401449961274363e-13	
1127	2.8956966806857271867e-13	
1128	2.8256850609569292278e-13	
1129	2.7573347623493921886e-13	
1130	2.6906139564376318104e-13	
1131	2.6254908147961618152e-13	
1132	2.5619335089994964295e-13	
1133	2.499910210622150385e-13	
1134	2.4393890912386363937e-13	
1135	2.3803383224234696921e-13	
1136	2.3227260757511650118e-13	
1137	2.2665205227962358221e-13	
1138	2.2116898351331958448e-13	
1139	2.1582021843365600641e-13	
1140	2.1060257419808427065e-13	
1141	2.055128679640556989e-13	
1142	2.0054791688902184005e-13	
1143	1.9570453813043396532e-13	
1144	1.9097954884574364882e-13	
1145	1.8636976619240226274e-13	
1146	1.8187200732786117927e-13	
1147	1.7748308940957177059e-13	
1148	1.7319982959498556034e-13	
1149	1.6901904504155397119e-13	
1150	1.6493755290672832484e-13	
1151	1.6095217034796014493e-13	
1152	1.570597145227007784e-13	
1153	1.5325700258840164792e-13	
1154	1.495408517025142014e-13	
1155	1.4590807902248986152e-13	
1156	1.4235582981440204908e-13	
1157	1.388825617788124299e-13	
1158	1.3548706072490466791e-13	
1159	1.3216811246186242707e-13	
1160	1.2892450279886934609e-13	
1161	1.2575501754510916463e-13	
1162	1.2265844250976544568e-13	
1163	1.196335635020219794e-13	
1164	1.1667916633106235401e-13	
1165	1.1379403680607023346e-13	
1166	1.109769607362293448e-13	
1167	1.0822672393072331411e-13	
1168	1.0554211219873586846e-13	
1169	1.0292191134945057082e-13	
1170	1.0036490719205118611e-13	
1171	9.7869885535721340407e-14	
1172	9.5435632189644710288e-14	
1173	9.3060932963004984944e-14	
1174	9.0744573664985790456e-14	
1175	8.8485340104770828639e-14	
1176	8.628201809154376344e-14	
1177	8.4133393434488271429e-14	
1178	8.2038251942787991312e-14	
1179	7.9995379425626624901e-14	
1180	7.8003561692187823522e-14	
1181	7.6061584551655263746e-14	
1182	7.4168233813212634764e-14	
1183	7.2322295286043575282e-14	
1184	7.0522554779331749246e-14	
1185	6.8767798102260845849e-14	
1186	6.705681106401454166e-14	
1187	6.5388379473776488007e-14	
1188	6.3761289140730336215e-14	
1189	6.2174325874059800719e-14	
1190	6.0626275482948520224e-14	
1191	5.9115923776580183923e-14	
1192	5.7642056564138430518e-14	
1193	5.6203459654806968135e-14	
1194	5.4798918857769435479e-14	
1195	5.3427219982209515429e-14	
1196	5.2087267246705073283e-14	
1197	5.0778438507410823906e-14	
1198	4.9500230029875651955e-14	
1199	4.8252138079648461023e-14	
1200	4.7033658922278161012e-14	
1201	4.5844288823313642892e-14	
1202	4.4683524048303816564e-14	
1203	4.3550860862797604553e-14	
1204	4.2445795532343866275e-14	
1205	4.1367824322491530563e-14	
1206	4.03164434987894947e-14	
1207	3.9291149326786655964e-14	
1208	3.8291438072031924259e-14	
1209	3.7316806000074209487e-14	
1210	3.6366749376462383685e-14	
1211	3.5440764466745381998e-14	
1212	3.4538347536472082775e-14	
1213	3.365899485119140854e-14	
1214	3.2802202676452231329e-14	
1215	3.1967467277803486289e-14	
1216	3.1154284920794064388e-14	
1217	3.0362151870972862909e-14	
1218	2.9590564393888779131e-14	
1219	2.8839018755090729267e-14	
1220	2.8107011220127597976e-14	
1221	2.7394038054548301472e-14	
1222	2.6699595523901746501e-14	
1223	2.6023179893736814567e-14	
1224	2.5364287429602431349e-14	
1225	2.4722414397047472039e-14	
1226	2.4097057061620865473e-14	
1227	2.348771168887150262e-14	
1228	2.2893874544348274449e-14	
1229	2.2315041893600103486e-14	
1230	2.1750710002175877544e-14	
1231	2.1200375135624506525e-14	
1232	2.0663533559494884555e-14	
1233	2.013968153933591838e-14	
1234	1.9628315340696514747e-14	
1235	1.9128931229125567782e-14	
1236	1.8641079600327851823e-14	
1237	1.816452737063162735e-14	
1238	1.7699095586521016128e-14	
1239	1.7244605294480146228e-14	
1240	1.680087754099314888e-14	
1241	1.6367733372544142691e-14	
1242	1.5944993835617258888e-14	
1243	1.553247997669662239e-14	
1244	1.5130012842266361271e-14	
1245	1.4737413478810600446e-14	
1246	1.4354502932813467991e-14	
1247	1.3981102250759088822e-14	
1248	1.3617032479131595747e-14	
1249	1.3262114664415107371e-14	
1250	1.2916169853093751768e-14	
1251	1.2579019091651658589e-14	
1252	1.2250483426572951174e-14	
1253	1.1930383904341762329e-14	
1254	1.1618541571442210662e-14	
1255	1.1314777474358425823e-14	
1256	1.1018912659574535884e-14	
1257	1.0730768173574668921e-14	
1258	1.0450165062842946694e-14	
1259	1.0176924373863498855e-14	
1260	9.9108671531204503207e-15	
1261	9.6518144470979307432e-15	
1262	9.399587302280063462e-15	
1263	9.1540067651509749727e-15	
1264	8.9148938821947980815e-15	
1265	8.6820696998956513953e-15	
1266	8.4553552647376645651e-15	
1267	8.2345716232049656639e-15	
1268	8.0195398217816780319e-15	
1269	7.81008090695193132e-15	
1270	7.6060159251998536013e-15	
1271	7.4071659230095666382e-15	
1272	7.2133519468652000815e-15	
1273	7.0243950432508772712e-15	
1274	6.840116258650730225e-15	
1275	6.6603366395488814938e-15	
1276	6.4848953004484478821e-15	
1277	6.3137036279285011183e-15	
1278	6.1466910765871056065e-15	
1279	5.9837871010223162844e-15	
1280	5.8249211558321975557e-15	
1281	5.6700226956148114581e-15	
1282	5.5190211749682176622e-15	
1283	5.3718460484904774166e-15	
1284	5.228426770779651181e-15	
1285	5.0886927964338017816e-15	
1286	4.9525735800509881003e-15	
1287	4.8199985762292729635e-15	
1288	4.6908972395667176196e-15	
1289	4.5651990246613809506e-15	
1290	4.4428333861113265716e-15	
1291	4.3237297785146141535e-15	
1292	4.2078176564693041558e-15	
1293	4.0950264745734594048e-15	
1294	3.9852856874251403603e-15	
1295	3.8785247496224066929e-15	
1296	3.7746731157633204401e-15	
1297	3.6736602404459436394e-15	
1298	3.5754155782683367503e-15	
1299	3.4798685838285610213e-15	
1300	3.3869487117246761234e-15	
1301	3.2965854165547444883e-15	
1302	3.2087081529168277589e-15	
1303	3.1232463754089852117e-15	
1304	3.040129538629278884e-15	
1305	2.9592870971757700244e-15	
1306	2.8806485056465190926e-15	
1307	2.8041432186395877314e-15	
1308	2.7297006907530367951e-15	
1309	2.657250376584927532e-15	
1310	2.5867217307333207964e-15	
1311	2.5180442077962774423e-15	
1312	2.4511472623718591127e-15	
1313	2.3859603490581266617e-15	
1314	2.3224129224531405489e-15	
1315	2.2604344371549632062e-15	
1316	2.1999620348730300616e-15	
1317	2.1409636057622819392e-15	
1318	2.0834147270890342369e-15	
1319	2.0272909761196023525e-15	
1320	1.9725679301203024729e-15	
1321	1.9192211663574496015e-15	
1322	1.8672262620973599253e-15	
1323	1.816558794606349631e-15	
1324	1.767194341150732736e-15	
1325	1.7191084789968260187e-15	
1326	1.6722767854109452716e-15	
1327	1.6266748376594056954e-15	
1328	1.5822782130085234768e-15	
1329	1.5390624887246138166e-15	
1330	1.4970032420739923099e-15	
1331	1.4560760503229749463e-15	
1332	1.416256490737877321e-15	
1333	1.3775201405850152264e-15	
1334	1.3398425771307042576e-15	
1335	1.3031993776412598125e-15	
1336	1.2675661193829978807e-15	
1337	1.2329183796222338601e-15	
1338	1.1992317356252835432e-15	
1339	1.1664817646584627223e-15	
1340	1.1346440439880869925e-15	
1341	1.1036941508804717518e-15	
1342	1.073607662601933187e-15	
1343	1.0443601564187863016e-15	
1344	1.0159272095973474797e-15	
1345	9.8828439940393192179e-16	
1346	9.6140730310485542043e-16	
1347	9.3527149796643376793e-16	
1348	9.0985256125498236225e-16	
1349	8.8512607023681709435e-16	
1350	8.6106760217825365799e-16	
1351	8.3765273434560745112e-16	
1352	8.148570440051942661e-16	
1353	7.926561084233297967e-16	
1354	7.7102550486632993388e-16	
1355	7.4994081060050997699e-16	
1356	7.2938023110950593278e-16	
1357	7.0933248474623456696e-16	
1358	6.8978891808093256381e-16	
1359	6.7074087768383670621e-16	
1360	6.5217971012518387566e-16	
1361	6.3409676197521085504e-16	
1362	6.1648337980415452586e-16	
1363	5.9933091018225157237e-16	
1364	5.8263069967973917191e-16	
1365	5.6637409486685361432e-16	
1366	5.5055244231383217552e-16	
1367	5.3515708859091134258e-16	
1368	5.2017938026832839141e-16	
1369	5.0561066391631961187e-16	
1370	4.9144228610512208267e-16	
1371	4.7766559340497258669e-16	
1372	4.6427193238610800542e-16	
1373	4.5125264961876522036e-16	
1374	4.3859909167318091579e-16	
1375	4.2630260511959187459e-16	
1376	4.1435453652823497825e-16	
1377	4.0274623246934705897e-16	
1378	3.9146903951316494893e-16	
1379	3.8051430422992557893e-16	
1380	3.6987337318986553464e-16	
1381	3.5953759296322174686e-16	
1382	3.4949831012023109708e-16	
1383	3.3974687123113036819e-16	
1384	3.3027462286615634308e-16	
1385	3.2107291159554585392e-16	
1386	3.1213308398953578222e-16	
1387	3.0344648661836281226e-16	
1388	2.9500446605226387482e-16	
1389	2.8679836886147580211e-16	
1390	2.788195416162354263e-16	
1391	2.7105933088677943168e-16	
1392	2.6350908324334484766e-16	
1393	2.561601452561682599e-16	
1394	2.490038634954866978e-16	
1395	2.4203158453153684566e-16	
1396	2.3523561204852558903e-16	
1397	2.2861207818653963262e-16	
1398	2.2215807219963583313e-16	
1399	2.1587068334187067745e-16	
1400	2.0974700086730112089e-16	
1401	2.0378411402998382292e-16	
1402	1.9797911208397554164e-16	
1403	1.923290842833329858e-16	
1404	1.8683111988211291351e-16	
1405	1.8148230813437203353e-16	
1406	1.7627973829416712861e-16	
1407	1.7122049961555488287e-16	
1408	1.6630168135259212834e-16	
1409	1.6152037275933547521e-16	
1410	1.5687366308984173085e-16	
1411	1.5235864159816765335e-16	
1412	1.4797239753836992683e-16	
1413	1.4371202016450530939e-16	
1414	1.3957459873063050979e-16	
1415	1.3555722249080231078e-16	
1416	1.3165698069907742113e-16	
1417	1.2787096260951262358e-16	
1418	1.2419625747616460225e-16	
1419	1.2062995455309009057e-16	
1420	1.1716914309434587129e-16	
1421	1.1381091235398860387e-16	
1422	1.1055235158607512036e-16	
1423	1.0739055004466210487e-16	
1424	1.0432259698380634015e-16	
1425	1.0134558165756446102e-16	
1426	9.8456593319993299521e-17	
1427	9.5652721225149564425e-17	
1428	9.2931054627089989167e-17	
1429	9.0288682779871307178e-17	
1430	8.7722694937550264215e-17	
1431	8.5230180354183606033e-17	
1432	8.2808228283828029088e-17	
1433	8.0453927980540303786e-17	
1434	7.816436869837716356e-17	
1435	7.5936639691395341841e-17	
1436	7.3768128958285957565e-17	
1437	7.1657419476277696346e-17	
1438	6.9603392967233616981e-17	
1439	6.7604931153016765937e-17	
1440	6.5660915755490226661e-17	
1441	6.3770228496517033295e-17	
1442	6.1931751097960256961e-17	
1443	6.0144365281682993432e-17	
1444	5.8406952769548252197e-17	
1445	5.6718395283419104378e-17	
1446	5.5077574545158645746e-17	
1447	5.3483372276629904283e-17	
1448	5.1934670199695951109e-17	
1449	5.0430350036219851181e-17	
1450	4.8969293508064657131e-17	
1451	4.7550382337093433917e-17	
1452	4.6172498245169240333e-17	
1453	4.4834522954155141338e-17	
1454	4.3535338185914201888e-17	
1455	4.2273825662309468453e-17	
1456	4.1048867105204018316e-17	
1457	3.9859344236460904109e-17	
1458	3.8704138777943184627e-17	
1459	3.7582132451513930991e-17	
1460	3.6492206979036183505e-17	
1461	3.5433244082373037943e-17	
1462	3.4404125483387522285e-17	
1463	3.3403732903942713814e-17	
1464	3.2430948065901671324e-17	
1465	3.1484652691127453612e-17	
1466	3.056372850148311947e-17	
1467	2.9667057218831733858e-17	
1468	2.8793520565036355569e-17	
1469	2.7942000261960055725e-17	
1470	2.7111378031465877713e-17	
1471	2.6300535595416895734e-17	
1472	2.550835467567616242e-17	
1473	2.4733716994106745812e-17	
1474	2.3975504272571701621e-17	
1475	2.3232598232934100969e-17	
1476	2.2504186450906411432e-17	
1477	2.179067991759879734e-17	
1478	2.1092795477970831809e-17	
1479	2.041124997698209103e-17	
1480	1.9746760259592154282e-17	
1481	1.9100043170760594676e-17	
1482	1.847181555544699457e-17	
1483	1.7862794258610920914e-17	
1484	1.7273696125211952984e-17	
1485	1.6705238000209673138e-17	
1486	1.6158136728563648325e-17	
1487	1.5633109155233460903e-17	
1488	1.5130872125178687066e-17	
1489	1.4652142483358899928e-17	
1490	1.4197637074733678764e-17	
1491	1.3768072744262596687e-17	
1492	1.3364166336905236055e-17	
1493	1.2986634697621166899e-17	
1494	1.2636194671369966954e-17	
1495	1.2313563103111212415e-17	
1496	1.2019456837804481017e-17	
1497	1.1754592720409345873e-17	
1498	1.1519687595885389341e-17	
1499	1.1315458309192181451e-17	
