# ell:		[0-0]		
0	8.77920520747567406e-05	
1	8.7464848420623227099e-05	
2	8.6204898111559544768e-05	
3	8.4610244880501487836e-05	
4	8.2897076053616179842e-05	
5	8.1157901990913447064e-05	
6	7.9441823175394209633e-05	
7	7.77877502734862752e-05	
8	7.6178267430728808553e-05	
9	7.4626609675050489248e-05	
10	7.3125152469595260259e-05	
11	7.1673345084069422822e-05	
12	7.0260872924113169273e-05	
13	6.8880406515541258696e-05	
14	6.7526455473784153713e-05	
15	6.6194626646601725513e-05	
16	6.4878954757487423553e-05	
17	6.3573754365252104718e-05	
18	6.2276457085450026953e-05	
19	6.0985412569288621309e-05	
20	5.9699525553844522087e-05	
21	5.8418001861387063836e-05	
22	5.7140696569087036545e-05	
23	5.5867866269195094948e-05	
24	5.4600724359379761792e-05	
25	5.3340723438664036996e-05	
26	5.2089411111473113522e-05	
27	5.0848715003840936201e-05	
28	4.9620657747203649683e-05	
29	4.8407277586472477156e-05	
30	4.7210675220459064375e-05	
31	4.6032966961450142405e-05	
32	4.4876269121732435536e-05	
33	4.3742614352555538233e-05	
34	4.2633700661020525657e-05	
35	4.1551142393191282162e-05	
36	4.0496553895131725978e-05	
37	3.9471417792979088496e-05	
38	3.8476689833163813068e-05	
39	3.7513194042189656205e-05	
40	3.6581754446560374417e-05	
41	3.5683195072779724214e-05	
42	3.4818163001845580014e-05	
43	3.3986597532732308201e-05	
44	3.3188261018908413397e-05	
45	3.2422915813842373119e-05	
46	3.1690324271002698765e-05	
47	3.099024874385786785e-05	
48	3.0322314795779692744e-05	
49	2.9685600829753250676e-05	
50	2.9079048458666930012e-05	
51	2.850159929540912928e-05	
52	2.795219495286823007e-05	
53	2.7429777043932630911e-05	
54	2.6933287181490720168e-05	
55	2.6461613190431739292e-05	
56	2.6013427743648331924e-05	
57	2.5587349726034001564e-05	
58	2.5181998022482228e-05	
59	2.4795991517886511345e-05	
60	2.4427949097140355103e-05	
61	2.4076489645137232282e-05	
62	2.3740232046770653161e-05	
63	2.3417818209329404282e-05	
64	2.3107982129683489047e-05	
65	2.2809480827098190507e-05	
66	2.2521071320838808655e-05	
67	2.2241510630170636709e-05	
68	2.1969555774358967884e-05	
69	2.1703963772669098787e-05	
70	2.1443491644366312468e-05	
71	2.1186896408715919085e-05	
72	2.0933051894030062619e-05	
73	2.0681299164808368036e-05	
74	2.0431096094597300903e-05	
75	2.0181900556943340336e-05	
76	1.9933170425392962067e-05	
77	1.9684363573492651991e-05	
78	1.9434937874788875672e-05	
79	1.9184351202828115617e-05	
80	1.8932061431156840781e-05	
81	1.867752643332153367e-05	
82	1.8420334841315935795e-05	
83	1.81605983209228484e-05	
84	1.7898559296372335123e-05	
85	1.7634460191894456212e-05	
86	1.7368543431719295634e-05	
87	1.7101051440076903474e-05	
88	1.6832226641197350144e-05	
89	1.6562311459310699282e-05	
90	1.6291548318647021301e-05	
91	1.6020179643436379839e-05	
92	1.5748447857908841921e-05	
93	1.5476595386294474571e-05	
94	1.5204898565980251411e-05	
95	1.4933769386980779212e-05	
96	1.4663653752467583201e-05	
97	1.4394997565612176744e-05	
98	1.4128246729586083373e-05	
99	1.3863847147560821537e-05	
100	1.3602244722707906299e-05	
101	1.3343885358198862882e-05	
102	1.3089214957205202962e-05	
103	1.2838679422898453456e-05	
104	1.2592724658450129427e-05	
105	1.2351796567031749323e-05	
106	1.211634105181483329e-05	
107	1.1886732178721841151e-05	
108	1.1663056664678988079e-05	
109	1.1445329389363435702e-05	
110	1.1233565232452333792e-05	
111	1.1027779073622845672e-05	
112	1.0827985792552129583e-05	
113	1.0634200268917336991e-05	
114	1.0446437382395631219e-05	
115	1.026471201266416712e-05	
116	1.0089039039400101241e-05	
117	9.9194333422805901305e-06	
118	9.7559098009827954171e-06	
119	9.5984832951838685661e-06	
120	9.447168704560971207e-06	
121	9.3019809087912564988e-06	
122	9.1628845251910995859e-06	
123	9.0296431216337245886e-06	
124	8.9019700036315725303e-06	
125	8.7795784766970810461e-06	
126	8.6621818463426894654e-06	
127	8.5494934180808388114e-06	
128	8.4412264974239684134e-06	
129	8.3370943898845176006e-06	
130	8.2368104009749257022e-06	
131	8.1400878362076354357e-06	
132	8.0466400010950793541e-06	
133	7.9561802011497035627e-06	
134	7.8684217418839440028e-06	
135	7.7830779288102416977e-06	
136	7.6998620674410376706e-06	
137	7.6184874632887678627e-06	
138	7.5386674218658741444e-06	
139	7.4601152486847966918e-06	
140	7.3825778370662542999e-06	
141	7.3059364315640887083e-06	
142	7.230105864540421969e-06	
143	7.1550009683573778283e-06	
144	7.0805365753770766444e-06	
145	7.0066275179616396225e-06	
146	6.9331886284731913557e-06	
147	6.8601347392738522022e-06	
148	6.7873806827257442142e-06	
149	6.714841291190991138e-06	
150	6.6424313970317116376e-06	
151	6.5700658326100328473e-06	
152	6.4976594302880717372e-06	
153	6.4251270224279545946e-06	
154	6.3523834413917992366e-06	
155	6.2793435195417327975e-06	
156	6.2059220892398722473e-06	
157	6.1320339828483430263e-06	
158	6.0575940327292663397e-06	
159	5.9825170712447642396e-06	
160	5.9067489872082071107e-06	
161	5.8303598952379501966e-06	
162	5.753450966403606391e-06	
163	5.676123371774780117e-06	
164	5.5984782824210757978e-06	
165	5.5206168694121037857e-06	
166	5.4426403038174701982e-06	
167	5.3646497567067803053e-06	
168	5.2867463991496410714e-06	
169	5.2090314022156611548e-06	
170	5.1316059369744458258e-06	
171	5.0545711744956037427e-06	
172	4.9780282858487393286e-06	
173	4.9020784421034612421e-06	
174	4.8268228143293756002e-06	
175	4.7523625735960885202e-06	
176	4.6787988909732086606e-06	
177	4.6062329375303421385e-06	
178	4.5347658843370950712e-06	
179	4.46449890246307527e-06	
180	4.3955331629778880053e-06	
181	4.3279698369511436292e-06	
182	4.2619100954524448711e-06	
183	4.1974321560953725268e-06	
184	4.1345224226693917069e-06	
185	4.073144345507938813e-06	
186	4.0132613749444519401e-06	
187	3.9548369613123674897e-06	
188	3.8978345549451218631e-06	
189	3.8422176061761531554e-06	
190	3.7879495653388973446e-06	
191	3.7349938827667925258e-06	
192	3.6833140087932763711e-06	
193	3.6328733937517835875e-06	
194	3.5836354879757531174e-06	
195	3.5355637417986217856e-06	
196	3.4886216055538255699e-06	
197	3.4427725295748025657e-06	
198	3.3979799641949891741e-06	
199	3.3542073597478226434e-06	
200	3.3114181665667402221e-06	
201	3.2695758349851787349e-06	
202	3.2286438153365758535e-06	
203	3.1885855579543675558e-06	
204	3.1493645131719910901e-06	
205	3.1109441313228845516e-06	
206	3.0732878627404834947e-06	
207	3.0363591577582260147e-06	
208	3.0001214667095485128e-06	
209	2.9645382399278886608e-06	
210	2.9295759615997037917e-06	
211	2.8952132513235345408e-06	
212	2.8614317625509424754e-06	
213	2.8282131487334900095e-06	
214	2.7955390633227361692e-06	
215	2.7633911597702442155e-06	
216	2.7317510915275757156e-06	
217	2.7006005120462909661e-06	
218	2.6699210747779528045e-06	
219	2.6396944331741211038e-06	
220	2.6099022406863578548e-06	
221	2.580526150766225048e-06	
222	2.5515478168652838269e-06	
223	2.5229488924350949117e-06	
224	2.4947110309272202929e-06	
225	2.4668158857932223846e-06	
226	2.4392451104846606364e-06	
227	2.411980358453097886e-06	
228	2.3850032831500948533e-06	
229	2.3582955380272135289e-06	
230	2.331838776536014633e-06	
231	2.3056146521280605797e-06	
232	2.2796048182549116654e-06	
233	2.2537909283681298809e-06	
234	2.2281546359192763696e-06	
235	2.2026775943599139692e-06	
236	2.1773414571416021293e-06	
237	2.1521278777159028404e-06	
238	2.1270185095343785167e-06	
239	2.1019950060485898781e-06	
240	2.0770390207100976448e-06	
241	2.052136736781733559e-06	
242	2.027292456771404981e-06	
243	2.0025150129982894461e-06	
244	1.9778132377815644898e-06	
245	1.953195963440407224e-06	
246	1.928672022293994337e-06	
247	1.9042502466615037878e-06	
248	1.879939468862112053e-06	
249	1.8557485212149968798e-06	
250	1.8316862360393358035e-06	
251	1.8077614456543055125e-06	
252	1.7839829823790833305e-06	
253	1.7603596785328470047e-06	
254	1.736900366434773647e-06	
255	1.7136138784040399456e-06	
256	1.6905090467598234361e-06	
257	1.6675947038213016538e-06	
258	1.6448796819076519224e-06	
259	1.6223728133380509302e-06	
260	1.6000829304316762127e-06	
261	1.5780188655077053053e-06	
262	1.5561894508853146846e-06	
263	1.5346035188836825212e-06	
264	1.5132699018219857153e-06	
265	1.4921974320194013789e-06	
266	1.4713949417951068355e-06	
267	1.4508712634682789852e-06	
268	1.4306352293580959988e-06	
269	1.4106956717837343529e-06	
270	1.3910614230643713711e-06	
271	1.3717413155191845889e-06	
272	1.3527441814673511181e-06	
273	1.3340788532280482823e-06	
274	1.3157541631204531935e-06	
275	1.2977789434637431753e-06	
276	1.2801592888754597513e-06	
277	1.262890343166601456e-06	
278	1.2459645124465310241e-06	
279	1.2293742028246109783e-06	
280	1.2131118204102040532e-06	
281	1.1971697713126734069e-06	
282	1.181540461641381562e-06	
283	1.1662162975056912533e-06	
284	1.1511896850149652151e-06	
285	1.1364530302785661822e-06	
286	1.1219987394058568889e-06	
287	1.1078192185062000698e-06	
288	1.0939068736889586714e-06	
289	1.0802541110634950044e-06	
290	1.0668533367391722272e-06	
291	1.0536969568253528623e-06	
292	1.0407773774313996444e-06	
293	1.0280870046666757316e-06	
294	1.015618244640543223e-06	
295	1.0033635034623652768e-06	
296	9.9131518724150441574e-07	
297	9.7946570208732358612e-07	
298	9.678074541091855225e-07	
299	9.5633284941645274764e-07	
300	9.4503429411848820787e-07	
301	9.3390419432465432007e-07	
302	9.2293495614431455996e-07	
303	9.1211898568683070917e-07	
304	9.0144868906156634926e-07	
305	8.9091647237788379127e-07	
306	8.8051474174514587563e-07	
307	8.7023590327271523098e-07	
308	8.6007236306995459189e-07	
309	8.5001652724622701054e-07	
310	8.4006080191089511557e-07	
311	8.3019759317332142979e-07	
312	8.204193071428688995e-07	
313	8.1071834992890004748e-07	
314	8.010871276407779259e-07	
315	7.9151804638786516345e-07	
316	7.8200497475940382058e-07	
317	7.7254763126415410851e-07	
318	7.6314719689075567026e-07	
319	7.5380485262784761944e-07	
320	7.4452177946406991671e-07	
321	7.3529915838806188746e-07	
322	7.2613817038846317469e-07	
323	7.1703999645391331554e-07	
324	7.080058175730516354e-07	
325	6.9903681473451777728e-07	
326	6.901341689269513842e-07	
327	6.8129906113899199329e-07	
328	6.7253267235927903582e-07	
329	6.6383618357645204891e-07	
330	6.5521077577915056972e-07	
331	6.4665762995601413537e-07	
332	6.3817792709568228301e-07	
333	6.2977284818679454977e-07	
334	6.2144357421799047279e-07	
335	6.1319128617790958921e-07	
336	6.0501716505519133028e-07	
337	5.969223918384754449e-07	
338	5.8890814751640125846e-07	
339	5.8097561307760841396e-07	
340	5.7312596951073644855e-07	
341	5.6536039780442489936e-07	
342	5.5768007894731330354e-07	
343	5.5008619392804098645e-07	
344	5.4257992373524780288e-07	
345	5.3516244935757297232e-07	
346	5.2783495178365624368e-07	
347	5.2059861200213715408e-07	
348	5.134546110016551348e-07	
349	5.0640412977084972296e-07	
350	4.9944834929836056158e-07	
351	4.9258845057282697604e-07	
352	4.8582561458288871524e-07	
353	4.7916102231718521044e-07	
354	4.7259585476435610465e-07	
355	4.6613129291304077619e-07	
356	4.5976805409291229006e-07	
357	4.5350500099777782272e-07	
358	4.473405326624779726e-07	
359	4.412730481218532852e-07	
360	4.3530094641074451778e-07	
361	4.2942262656399216289e-07	
362	4.2363648761643687191e-07	
363	4.1794092860291929622e-07	
364	4.1233434855828003425e-07	
365	4.0681514651735963151e-07	
366	4.013817215149987923e-07	
367	3.9603247258603811506e-07	
368	3.9076579876531825118e-07	
369	3.8558009908767974614e-07	
370	3.8047377258796319839e-07	
371	3.7544521830100936518e-07	
372	3.7049283526165868613e-07	
373	3.6561502250475191849e-07	
374	3.6081017906512960777e-07	
375	3.5607670397763245828e-07	
376	3.5141299627710090963e-07	
377	3.4681745499837577202e-07	
378	3.4228847917629748508e-07	
379	3.3782446784570685899e-07	
380	3.3342382004144433337e-07	
381	3.2908493479835066548e-07	
382	3.2480621115126634788e-07	
383	3.2058604813503208489e-07	
384	3.1642284478448847493e-07	
385	3.1231500013447611645e-07	
386	3.0826091321983560789e-07	
387	3.042589830754077065e-07	
388	3.0030760873603274601e-07	
389	2.9640518923655158957e-07	
390	2.9255012361180478268e-07	
391	2.8874081089663302964e-07	
392	2.8497565012587671713e-07	
393	2.8125304033437665536e-07	
394	2.775713805569734957e-07	
395	2.7392906982850762482e-07	
396	2.7032474613592714772e-07	
397	2.6675800327460903091e-07	
398	2.632286739920376416e-07	
399	2.5973659103569729402e-07	
400	2.562815871530722495e-07	
401	2.5286349509164698111e-07	
402	2.4948214759890564428e-07	
403	2.4613737742233271209e-07	
404	2.4282901730941244584e-07	
405	2.3955690000762921273e-07	
406	2.3632085826446722114e-07	
407	2.3312072482741094414e-07	
408	2.2995633244394472244e-07	
409	2.2682751386155273796e-07	
410	2.2373410182771938436e-07	
411	2.206759290899290553e-07	
412	2.1765282839566601209e-07	
413	2.1466463249241464839e-07	
414	2.1171117412765917258e-07	
415	2.0879228604888403127e-07	
416	2.0590780100357348576e-07	
417	2.0305755173921190325e-07	
418	2.0024137100328357153e-07	
419	1.9745909154327288425e-07	
420	1.9471054610666412919e-07	
421	1.9199556744094159415e-07	
422	1.8931398829358969925e-07	
423	1.866656414120926264e-07	
424	1.8405035954393492808e-07	
425	1.8146797543660073325e-07	
426	1.7891832183757446205e-07	
427	1.7640123149434040226e-07	
428	1.7391653715438289461e-07	
429	1.7146407156518630628e-07	
430	1.6904366747423495153e-07	
431	1.6665515762901309167e-07	
432	1.6429837477700517331e-07	
433	1.6197315166569537834e-07	
434	1.5967932104256817985e-07	
435	1.5741671565510781268e-07	
436	1.5518514078584958817e-07	
437	1.5298429185753267377e-07	
438	1.5081383682794712811e-07	
439	1.4867344365488300984e-07	
440	1.4656278029613045704e-07	
441	1.444815147094795548e-07	
442	1.4242931485272033532e-07	
443	1.4040584868364298959e-07	
444	1.384107841600375498e-07	
445	1.3644378923969407458e-07	
446	1.3450453188040270201e-07	
447	1.3259268003995351719e-07	
448	1.3070790167613663173e-07	
449	1.2884986474674205132e-07	
450	1.2701823720955994049e-07	
451	1.2521268702238035791e-07	
452	1.2343288214299338868e-07	
453	1.2167849052918919733e-07	
454	1.1994918013875776311e-07	
455	1.1824461892948926377e-07	
456	1.1656447485917374474e-07	
457	1.1490841588560129112e-07	
458	1.1327610996656202775e-07	
459	1.1166722505984601328e-07	
460	1.1008142912324334606e-07	
461	1.0851839011454412443e-07	
462	1.069777759915384203e-07	
463	1.0545925471201634524e-07	
464	1.0396249423376798438e-07	
465	1.0248716251458340959e-07	
466	1.0103292751225271924e-07	
467	9.9599457184566024915e-08	
468	9.8186419489313398494e-08	
469	9.6793482384284925099e-08	
470	9.5420313827270703085e-08	
471	9.4066581776060830806e-08	
472	9.2731954188445380145e-08	
473	9.1416099022214436222e-08	
474	9.0118684235158110626e-08	
475	8.8839377785066488476e-08	
476	8.7577866195064298133e-08	
477	8.6333910249614907095e-08	
478	8.5107289298516299632e-08	
479	8.3897782691566460013e-08	
480	8.270516977856339898e-08	
481	8.1529229909305100801e-08	
482	8.0369742433589562981e-08	
483	7.9226486701214809495e-08	
484	7.8099242061978811378e-08	
485	7.698778786567957937e-08	
486	7.5891903462115084506e-08	
487	7.4811368201083350759e-08	
488	7.3745961432382349166e-08	
489	7.2695462505810103701e-08	
490	7.1659650771164585399e-08	
491	7.0638305578243818234e-08	
492	6.9631206276845773241e-08	
493	6.8638132216768461161e-08	
494	6.7658862747809866263e-08	
495	6.6693177219767999286e-08	
496	6.5740854982440831266e-08	
497	6.4801675385626399413e-08	
498	6.3875417779122661526e-08	
499	6.2961861512727628345e-08	
500	6.2060785936239310609e-08	
501	6.1171970399455679355e-08	
502	6.0295194252174745321e-08	
503	5.9430236844194512629e-08	
504	5.8576877525312958933e-08	
505	5.7734895645328094972e-08	
506	5.690407055403791825e-08	
507	5.6084181601240413038e-08	
508	5.5275008136733576841e-08	
509	5.4476329510315407162e-08	
510	5.3687925071783908125e-08	
511	5.2909574170937077235e-08	
512	5.214105615757289876e-08	
513	5.1382150381489370206e-08	
514	5.0632636192484508931e-08	
515	4.9892292940356285968e-08	
516	4.9160926641682669059e-08	
517	4.8438449980161473799e-08	
518	4.7724802306270479401e-08	
519	4.7019922970487431992e-08	
520	4.6323751323290124019e-08	
521	4.563622671515632808e-08	
522	4.495728849656381677e-08	
523	4.4286876017990362685e-08	
524	4.3624928629913731803e-08	
525	4.2971385682811703339e-08	
526	4.2326186527162056505e-08	
527	4.1689270513442557281e-08	
528	4.1060576992130984879e-08	
529	4.0440045313705105279e-08	
530	3.9827614828642684459e-08	
531	3.9223224887421508249e-08	
532	3.8626814840519349246e-08	
533	3.8038324038413973429e-08	
534	3.7457691831583166629e-08	
535	3.6884857570504688206e-08	
536	3.6319760605656310756e-08	
537	3.5762340287515820111e-08	
538	3.521253596656098225e-08	
539	3.4670286993269569767e-08	
540	3.413553271811935526e-08	
541	3.3608212491588111324e-08	
542	3.3088265664153610555e-08	
543	3.2575631586293632168e-08	
544	3.2070249608485948757e-08	
545	3.1572059081208326301e-08	
546	3.1080999354938537397e-08	
547	3.0597009780154361258e-08	
548	3.012002970733357048e-08	
549	2.9649998486953937659e-08	
550	2.9186855469493235391e-08	
551	2.8730540005429229655e-08	
552	2.8280991445239706282e-08	
553	2.7838149139402427941e-08	
554	2.7401952438395177155e-08	
555	2.6972340692695719902e-08	
556	2.6549249951596764113e-08	
557	2.6132603059650749132e-08	
558	2.5722319560225059564e-08	
559	2.5318318996687053542e-08	
560	2.4920520912404115673e-08	
561	2.4528844850743614016e-08	
562	2.4143210355072929867e-08	
563	2.3763536968759434598e-08	
564	2.3389744235170496267e-08	
565	2.3021751697673496172e-08	
566	2.265947889963580899e-08	
567	2.2302845384424806091e-08	
568	2.1951770695407862154e-08	
569	2.1606174375952348549e-08	
570	2.1265975969425643262e-08	
571	2.0931095019195120973e-08	
572	2.0601451068628149741e-08	
573	2.0276963661092110863e-08	
574	1.9957552339954379017e-08	
575	1.9643136648582322265e-08	
576	1.9333636130343318593e-08	
577	1.9028970328604739371e-08	
578	1.8729058786733962586e-08	
579	1.8433821048098359609e-08	
580	1.8143176656065308425e-08	
581	1.7857045154002180405e-08	
582	1.7575346085276350228e-08	
583	1.7297998993255185953e-08	
584	1.7024923421306072187e-08	
585	1.6756038912796376989e-08	
586	1.6491265011093475038e-08	
587	1.6230521259564744322e-08	
588	1.5973727201577549592e-08	
589	1.5720802380499278763e-08	
590	1.5471666339697293276e-08	
591	1.5226238622538977738e-08	
592	1.49844387723916969e-08	
593	1.4746186332622833713e-08	
594	1.4511400846599752928e-08	
595	1.4280001857689839151e-08	
596	1.4051916728330901847e-08	
597	1.3827104097242540917e-08	
598	1.3605530422214791051e-08	
599	1.3387162161037690245e-08	
600	1.3171965771501278151e-08	
601	1.2959907711395589458e-08	
602	1.2750954438510667127e-08	
603	1.25450724106365475e-08	
604	1.2342228085563265266e-08	
605	1.2142387921080863385e-08	
606	1.1945518374979374892e-08	
607	1.1751585905048841093e-08	
608	1.156055696907930164e-08	
609	1.1372398024860789566e-08	
610	1.118707553018334287e-08	
611	1.1004555942837004512e-08	
612	1.0824805720611810834e-08	
613	1.064779132129779818e-08	
614	1.0473479202685006202e-08	
615	1.0301835822563469587e-08	
616	1.0132827638723229643e-08	
617	9.9664211089543243671e-09	
618	9.802582691046788447e-09	
619	9.6412788427906664981e-09	
620	9.4824760219759882458e-09	
621	9.3261406863927983051e-09	
622	9.1722392938311313646e-09	
623	9.0207383020810237672e-09	
624	8.8716041689325201279e-09	
625	8.7248033521756518265e-09	
626	8.5803023096004585148e-09	
627	8.4380674989969814988e-09	
628	8.2980653781552521586e-09	
629	8.1602624048653167633e-09	
630	8.0246250369172050384e-09	
631	7.8911197321009615988e-09	
632	7.7597129482066211332e-09	
633	7.6303711430242232933e-09	
634	7.5030607743438027677e-09	
635	7.3777482999554016897e-09	
636	7.2544018455277717753e-09	
637	7.1329962082445394669e-09	
638	7.0135078531680457529e-09	
639	6.8959132453606274854e-09	
640	6.7801888498846289615e-09	
641	6.6663111318023903423e-09	
642	6.5542565561762526159e-09	
643	6.4440015880685559435e-09	
644	6.335522692541640486e-09	
645	6.2287963346578488861e-09	
646	6.1237989794795213048e-09	
647	6.0205070920689979032e-09	
648	5.9188971374886213239e-09	
649	5.8189455808007292464e-09	
650	5.7206288870676643133e-09	
651	5.6239235213517675128e-09	
652	5.5288059487153798331e-09	
653	5.4352526342208422625e-09	
654	5.3432400429304933078e-09	
655	5.2527446399066772657e-09	
656	5.1637428902117326431e-09	
657	5.0762112589080012554e-09	
658	4.9901262110578232635e-09	
659	4.9054642117235388286e-09	
660	4.8222017259674905933e-09	
661	4.7403152188520187186e-09	
662	4.6597811554394633656e-09	
663	4.5805760007921646952e-09	
664	4.5026762199724670046e-09	
665	4.4260582780427071459e-09	
666	4.3506986400652277619e-09	
667	4.2765737711023698407e-09	
668	4.2036601362164735434e-09	
669	4.1319342004698798582e-09	
670	4.0613724289249297734e-09	
671	3.9919512866439642772e-09	
672	3.9236472386893243578e-09	
673	3.856436750123348522e-09	
674	3.7902962860083810666e-09	
675	3.725202311406760912e-09	
676	3.6611332560750898218e-09	
677	3.5980754085470126609e-09	
678	3.5360170220504350697e-09	
679	3.4749463498132614478e-09	
680	3.4148516450633986763e-09	
681	3.3557211610287507411e-09	
682	3.2975431509372232827e-09	
683	3.240305868016723182e-09	
684	3.1839975654951540116e-09	
685	3.1286064966004218254e-09	
686	3.0741209145604322637e-09	
687	3.0205290726030901396e-09	
688	2.9678192239563019207e-09	
689	2.9159796218479720066e-09	
690	2.864998519506005624e-09	
691	2.8148641701583088269e-09	
692	2.7655648270327872555e-09	
693	2.7170887433573457232e-09	
694	2.6694241723598894565e-09	
695	2.622559367268324096e-09	
696	2.5764825813105556954e-09	
697	2.5311820677144886544e-09	
698	2.4866460797080294405e-09	
699	2.4428628705190824533e-09	
700	2.3998206933755525059e-09	
701	2.3575078015053473067e-09	
702	2.315912448136370428e-09	
703	2.2750228864965275101e-09	
704	2.2348273698137241935e-09	
705	2.1953141513158657049e-09	
706	2.1564714842308580981e-09	
707	2.1182876217866061865e-09	
708	2.0807508172110151967e-09	
709	2.0438493237319903554e-09	
710	2.0075713945774381303e-09	
711	1.9719052829752633344e-09	
712	1.936839242153370781e-09	
713	1.9023615253396661104e-09	
714	1.8684603857620557901e-09	
715	1.8351240766484440128e-09	
716	1.8023416722754028429e-09	
717	1.7701055311141690062e-09	
718	1.738408832684645859e-09	
719	1.7072447565067361377e-09	
720	1.6766064821003427851e-09	
721	1.6464871889853693644e-09	
722	1.6168800566817188186e-09	
723	1.5877782647092938839e-09	
724	1.5591749925879975032e-09	
725	1.5310634198377332396e-09	
726	1.5034367259784040363e-09	
727	1.4762880905299130428e-09	
728	1.4496106930121629953e-09	
729	1.4233977129450572504e-09	
730	1.3976423298484983372e-09	
731	1.3723377232423898192e-09	
732	1.3474770726466350529e-09	
733	1.3230535575811367743e-09	
734	1.2990603575657977196e-09	
735	1.2754906521205212453e-09	
736	1.2523376207652102943e-09	
737	1.2295944430197682231e-09	
738	1.2072542984040977678e-09	
739	1.1853103664381024918e-09	
740	1.1637558266416847176e-09	
741	1.1425838585347482152e-09	
742	1.1217876416371957208e-09	
743	1.1013603554689301773e-09	
744	1.0812951795498547345e-09	
745	1.0615852933998725419e-09	
746	1.0422238765388865426e-09	
747	1.0232041084868000931e-09	
748	1.0045191687635159294e-09	
749	9.8616223688893740817e-10	
750	9.681264923829672654e-10	
751	9.5040511476550885764e-10	
752	9.3299128355646512781e-10	
753	9.1587817827573901882e-10	
754	8.9905897844323368038e-10	
755	8.8252686357885236562e-10	
756	8.6627557190896384534e-10	
757	8.5030107648580102921e-10	
758	8.3459990906806275818e-10	
759	8.1916860141444756303e-10	
760	8.0400368528365428471e-10	
761	7.8910169243438176418e-10	
762	7.7445915462532884241e-10	
763	7.6007260361519405015e-10	
764	7.4593857116267612498e-10	
765	7.3205358902647401125e-10	
766	7.1841418896528634313e-10	
767	7.0501690273781196158e-10	
768	6.9185826210274960415e-10	
769	6.7893479881879780162e-10	
770	6.6624304464465560175e-10	
771	6.5377953133902153529e-10	
772	6.4154079066059454662e-10	
773	6.2952335436807347668e-10	
774	6.1772375422015675285e-10	
775	6.0613852197554321609e-10	
776	5.9476418939293181076e-10	
777	5.8359728823102127441e-10	
778	5.7263435024850993103e-10	
779	5.6187190720409713856e-10	
780	5.5130649085648142776e-10	
781	5.4093463296436143281e-10	
782	5.3075286528643589126e-10	
783	5.2075771958140364408e-10	
784	5.1094572760796353223e-10	
785	5.0131342112481418986e-10	
786	4.9185733189065445795e-10	
787	4.8257399166418286726e-10	
788	4.7345993220409856894e-10	
789	4.6451168526909993866e-10	
790	4.5572578261788597249e-10	
791	4.4709875600915520118e-10	
792	4.3862713720160667249e-10	
793	4.303074579539388655e-10	
794	4.2213625002485067285e-10	
795	4.1411004517304083213e-10	
796	4.0622564911635139752e-10	
797	3.9848096340919763814e-10	
798	3.9087416356513839823e-10	
799	3.8340342509773205675e-10	
800	3.7606692352053730285e-10	
801	3.6886283434711277396e-10	
802	3.6178933309101715925e-10	
803	3.5484459526580919955e-10	
804	3.4802679638504722213e-10	
805	3.4133411196229007122e-10	
806	3.3476471751109628088e-10	
807	3.2831678854502454026e-10	
808	3.2198850057763353851e-10	
809	3.1577802912248175797e-10	
810	3.096835496931279912e-10	
811	3.0370323780313072054e-10	
812	2.9783526896604863515e-10	
813	2.9207781869544042416e-10	
814	2.8642906250486462164e-10	
815	2.8088717590787991673e-10	
816	2.7545033441804494688e-10	
817	2.7011671354891824614e-10	
818	2.6488448881405860705e-10	
819	2.5975183572702456368e-10	
820	2.5471692980137475346e-10	
821	2.4977794655066781385e-10	
822	2.4493306148846233059e-10	
823	2.4018045012831699284e-10	
824	2.3551828798379048974e-10	
825	2.3094475056844130364e-10	
826	2.2645801339582817539e-10	
827	2.2205625197950969075e-10	
828	2.1773764183304446131e-10	
829	2.1350035846999122791e-10	
830	2.0934257740390847291e-10	
831	2.0526247414835496302e-10	
832	2.0125822421688918056e-10	
833	1.9732800312306986641e-10	
834	1.9346998638045563215e-10	
835	1.8968234950260511523e-10	
836	1.8596342207183714129e-10	
837	1.8231214994551152128e-10	
838	1.7872763304974828021e-10	
839	1.7520897131066744308e-10	
840	1.7175526465438898318e-10	
841	1.6836561300703297721e-10	
842	1.6503911629471937261e-10	
843	1.6177487444356832363e-10	
844	1.5857198737969970018e-10	
845	1.5542955502923355309e-10	
846	1.5234667731828995907e-10	
847	1.4932245417298889141e-10	
848	1.4635598551945042681e-10	
849	1.4344637128379448686e-10	
850	1.4059271139214117411e-10	
851	1.3779410577061046187e-10	
852	1.3504965434532240096e-10	
853	1.3235845704239701641e-10	
854	1.2971961378795428149e-10	
855	1.2713222450811419536e-10	
856	1.2459538912899688641e-10	
857	1.2210820757672227625e-10	
858	1.1966977977741041572e-10	
859	1.1727920565718135565e-10	
860	1.1493558514215504352e-10	
861	1.1263801815845154307e-10	
862	1.1038560463219090517e-10	
863	1.0817744448949306434e-10	
864	1.0601263765647811018e-10	
865	1.0389028405926602894e-10	
866	1.0180948362397687145e-10	
867	9.9769336276730598086e-11	
868	9.7768941943647272622e-11	
869	9.5807400550846907128e-11	
870	9.3883812024449513678e-11	
871	9.1997276290575156041e-11	
872	9.0146893275343768743e-11	
873	8.8331762904875402628e-11	
874	8.6550985105290134394e-11	
875	8.4803659802707911488e-11	
876	8.3088964234816262006e-11	
877	8.1406384885572584265e-11	
878	7.9755485550501792607e-11	
879	7.8135830025128736746e-11	
880	7.6546982104978331026e-11	
881	7.4988505585575463935e-11	
882	7.3459964262445011042e-11	
883	7.1960921931111886686e-11	
884	7.0490942387100953509e-11	
885	6.9049589425937112927e-11	
886	6.7636426843145240506e-11	
887	6.6251018434250237662e-11	
888	6.4892927994777005811e-11	
889	6.3561719320250407595e-11	
890	6.2256956206195331504e-11	
891	6.0978202448136691879e-11	
892	5.9725021841599351363e-11	
893	5.8496978182108237219e-11	
894	5.7293635265188186241e-11	
895	5.6114556886364112769e-11	
896	5.4959306841160911757e-11	
897	5.3827448925103478157e-11	
898	5.2718546933716668149e-11	
899	5.1632164662525402537e-11	
900	5.0567865907054550423e-11	
901	4.9525214462829013225e-11	
902	4.8503774125373679433e-11	
903	4.7503108690213424613e-11	
904	4.6522781952873156643e-11	
905	4.5562357708877751091e-11	
906	4.4621399753752096447e-11	
907	4.3699471883021094127e-11	
908	4.2796137892209606772e-11	
909	4.1910961576842548724e-11	
910	4.104350673244480201e-11	
911	4.019333715454124866e-11	
912	3.936001663865679009e-11	
913	3.8543108980316301866e-11	
914	3.774217797504467894e-11	
915	3.6956787418366816268e-11	
916	3.6186539163366521911e-11	
917	3.5431187293363359766e-11	
918	3.4690523949235839151e-11	
919	3.3964341271862424147e-11	
920	3.3252431402121617609e-11	
921	3.2554586480891928854e-11	
922	3.1870598649051815503e-11	
923	3.1200260047479799796e-11	
924	3.0543362817054352277e-11	
925	2.9899699098653982264e-11	
926	2.9269061033157166763e-11	
927	2.865124076144240863e-11	
928	2.8046030424388197794e-11	
929	2.7453222162873024186e-11	
930	2.6872608117775374505e-11	
931	2.6303980429973748376e-11	
932	2.574713124034663573e-11	
933	2.5201852689772532958e-11	
934	2.466793691912992353e-11	
935	2.4145176069297297376e-11	
936	2.3633362281153154119e-11	
937	2.3132287695575986923e-11	
938	2.2641744453444285716e-11	
939	2.2161524695636537199e-11	
940	2.1691420563031237765e-11	
941	2.1231224196506874112e-11	
942	2.0780727736941949097e-11	
943	2.0339723325214939725e-11	
944	1.9908003102204355313e-11	
945	1.9485359208788676099e-11	
946	1.9071583785846395244e-11	
947	1.8666468974256009142e-11	
948	1.8269806914895998028e-11	
949	1.7881389748644867991e-11	
950	1.7501009616381105729e-11	
951	1.7128458658983204403e-11	
952	1.6763529017329653945e-11	
953	1.6406012832298944285e-11	
954	1.6055702244769565353e-11	
955	1.5712389395620020006e-11	
956	1.5375885071762799403e-11	
957	1.5046074644246451327e-11	
958	1.472286213015351833e-11	
959	1.4406151546566549425e-11	
960	1.4095846910568100087e-11	
961	1.3791852239240717713e-11	
962	1.3494071549666951318e-11	
963	1.3202408858929348298e-11	
964	1.2916768184110462514e-11	
965	1.2637053542292838132e-11	
966	1.2363168950559029011e-11	
967	1.2095018425991582551e-11	
968	1.1832505985673050994e-11	
969	1.1575535646685981739e-11	
970	1.1324011426112920568e-11	
971	1.1077837341036424571e-11	
972	1.0836917408539037916e-11	
973	1.0601155645703311231e-11	
974	1.0370456069611795144e-11	
975	1.014472269734703867e-11	
976	9.9238595459915908211e-12	
977	9.7077706326280006105e-12	
978	9.4963599743388170515e-12	
979	9.2895315882065940042e-12	
980	9.0871894913138772506e-12	
981	8.8892377007432141884e-12	
982	8.6955802335771586773e-12	
983	8.5061211068982597308e-12	
984	8.3207643377890647464e-12	
985	8.1394139433321243529e-12	
986	7.9619739406099875635e-12	
987	7.788348346705205007e-12	
988	7.618441178700324081e-12	
989	7.4521564536778954143e-12	
990	7.2893981887204712514e-12	
991	7.1300704009105973742e-12	
992	6.974077107330822796e-12	
993	6.8213223250636989533e-12	
994	6.6717100711917772827e-12	
995	6.5251443627976035663e-12	
996	6.3815382586553603324e-12	
997	6.2408409843057568997e-12	
998	6.1030108069811320629e-12	
999	5.9680059939138270403e-12	
1000	5.835784812336179011e-12	
1001	5.7063055294805300011e-12	
1002	5.5795264125792196132e-12	
1003	5.4554057288645890655e-12	
1004	5.3339017455689755371e-12	
1005	5.2149727299247210541e-12	
1006	5.0985769491641636034e-12	
1007	4.984672670519646019e-12	
1008	4.8732181612235054799e-12	
1009	4.7641716885080832044e-12	
1010	4.6574915196057196029e-12	
1011	4.5531359217487542779e-12	
1012	4.4510631621695252165e-12	
1013	4.3512315081003752526e-12	
1014	4.2535992267736431808e-12	
1015	4.1581245854216677959e-12	
1016	4.0647658512767903163e-12	
1017	3.9734812915713511523e-12	
1018	3.8842291735376882908e-12	
1019	3.7969677644081437579e-12	
1020	3.7116553314150563485e-12	
1021	3.6282501417907664728e-12	
1022	3.5467104627676129257e-12	
1023	3.4669945615779365215e-12	
1024	3.3890607054540772667e-12	
1025	3.3128671616283759756e-12	
1026	3.2383721973331710391e-12	
1027	3.1655340798008028676e-12	
1028	3.0943110762636110637e-12	
1029	3.0246614539539360378e-12	
1030	2.9565434801041182003e-12	
1031	2.8899154219464967499e-12	
1032	2.8247355467134116931e-12	
1033	2.7609621216372026325e-12	
1034	2.6985534139502103824e-12	
1035	2.6374676908847745455e-12	
1036	2.5776670038768127136e-12	
1037	2.5191285411765560516e-12	
1038	2.4618332752378137138e-12	
1039	2.4057621785143932388e-12	
1040	2.3508962234601045887e-12	
1041	2.2972163825287561099e-12	
1042	2.2447036281741565526e-12	
1043	2.1933389328501150712e-12	
1044	2.1431032690104408199e-12	
1045	2.0939776091089409333e-12	
1046	2.0459429255994257776e-12	
1047	1.998980190935703699e-12	
1048	1.9530703775715842557e-12	
1049	1.9081944579608749863e-12	
1050	1.8643334045573850451e-12	
1051	1.8214681898149231825e-12	
1052	1.7795797861872989564e-12	
1053	1.7386491661283205115e-12	
1054	1.6986573020917968e-12	
1055	1.6595851665315371781e-12	
1056	1.6214137319013493863e-12	
1057	1.5841239706550427809e-12	
1058	1.5476968552464263142e-12	
1059	1.5121133581293089383e-12	
1060	1.4773544517574987979e-12	
1061	1.4434011085848050471e-12	
1062	1.4102343010650370421e-12	
1063	1.3778350016520023216e-12	
1064	1.3461841827995108476e-12	
1065	1.3152628169613709665e-12	
1066	1.2850518765913914286e-12	
1067	1.2555323341433815902e-12	
1068	1.2266851620711493937e-12	
1069	1.1984913328285043974e-12	
1070	1.1709318188692547456e-12	
1071	1.1439875926472101985e-12	
1072	1.1176396266161784966e-12	
1073	1.0918688932299687942e-12	
1074	1.0666563649423902456e-12	
1075	1.041983014207251399e-12	
1076	1.0178317180574665576e-12	
1077	9.9419297184237102326e-13	
1078	9.7105917549040625671e-13	
1079	9.4842272893001291066e-13	
1080	9.2627603208963183986e-13	
1081	9.0461148489770410097e-13	
1082	8.8342148728267115457e-13	
1083	8.6269843917297355246e-13	
1084	8.4243474049705214937e-13	
1085	8.2262279118334820392e-13	
1086	8.0325499116030267182e-13	
1087	7.8432374035635630682e-13	
1088	7.6582143869995036755e-13	
1089	7.4774048611952570872e-13	
1090	7.300732825435230841e-13	
1091	7.1281222790038385328e-13	
1092	6.9594972211854866905e-13	
1093	6.7947816512645889099e-13	
1094	6.6338995685255527287e-13	
1095	6.4767749722527866941e-13	
1096	6.3233318617307033923e-13	
1097	6.173494236243710361e-13	
1098	6.027186095076217157e-13	
1099	5.8843314375126363667e-13	
1100	5.7448542628373735081e-13	
1101	5.6086785703348441966e-13	
1102	5.4757283592894539503e-13	
1103	5.3459276289856113166e-13	
1104	5.219200378707730901e-13	
1105	5.0954706077402172119e-13	
1106	4.9746623153674848551e-13	
1107	4.8566995008739413681e-13	
1108	4.7415061635439942884e-13	
1109	4.6290063026620582217e-13	
1110	4.5191239175125396959e-13	
1111	4.4117830073798487728e-13	
1112	4.3069075715483970288e-13	
1113	4.2044216093025914968e-13	
1114	4.104249119926844258e-13	
1115	4.0063141027055638597e-13	
1116	3.9105476579849755828e-13	
1117	3.8169092903585630592e-13	
1118	3.7253656054816266545e-13	
1119	3.635883209009463705e-13	
1120	3.5484287065973740714e-13	
1121	3.4629687039006576144e-13	
1122	3.3794698065746121752e-13	
1123	3.2978986202745381193e-13	
1124	3.218221750655733288e-13	
1125	3.1404058033734965321e-13	
1126	3.0644173840831282173e-13	
1127	2.9902230984399266895e-13	
1128	2.9177895520991918095e-13	
1129	2.8470833507162214185e-13	
1130	2.7780710999463153771e-13	
1131	2.7107194054447730411e-13	
1132	2.6449948728668922519e-13	
1133	2.5808641078679738796e-13	
1134	2.5182937161033152608e-13	
1135	2.457250303228216761e-13	
1136	2.3977004748979767261e-13	
1137	2.3396108367678945121e-13	
1138	2.2829479944932689698e-13	
1139	2.2276785537293997076e-13	
1140	2.173769120131584819e-13	
1141	2.1211862993551246696e-13	
1142	2.0698966970553176054e-13	
1143	2.0198669188874627299e-13	
1144	1.9710635705068591464e-13	
1145	1.9234532575688059582e-13	
1146	1.8770025857286025213e-13	
1147	1.8316781606415476865e-13	
1148	1.7874465879629400523e-13	
1149	1.7442744733480797318e-13	
1150	1.7021284224522650712e-13	
1151	1.6609750409307956786e-13	
1152	1.6207809344389696478e-13	
1153	1.5815127086320868393e-13	
1154	1.5431369691654463565e-13	
1155	1.5056203216943473029e-13	
1156	1.4689328690485445204e-13	
1157	1.4330587027556185829e-13	
1158	1.397985411517606055e-13	
1159	1.3637005840365427444e-13	
1160	1.3301918090144649634e-13	
1161	1.2974466751534097817e-13	
1162	1.2654527711554127544e-13	
1163	1.2341976857225114561e-13	
1164	1.2036690075567411894e-13	
1165	1.1738543253601382667e-13	
1166	1.1447412278347395053e-13	
1167	1.1163173036825812175e-13	
1168	1.0885701416057002206e-13	
1169	1.0614873303061323222e-13	
1170	1.0350564584859138346e-13	
1171	1.0092651148470811964e-13	
1172	9.8410088809167084629e-14	
1173	9.5955136692171947524e-14	
1174	9.3560414003926314324e-14	
1175	9.1224679614633816266e-14	
1176	8.8946692394498109834e-14	
1177	8.672521121372285151e-14	
1178	8.4558994942511596802e-14	
1179	8.2446802451068065302e-14	
1180	8.0387392609595875628e-14	
1181	7.8379524288298646395e-14	
1182	7.642195635738004671e-14	
1183	7.4513447687043657322e-14	
1184	7.2652757147493172582e-14	
1185	7.0838643608932211105e-14	
1186	6.9069865941564404131e-14	
1187	6.7345183015593408142e-14	
1188	6.566335370122280389e-14	
1189	6.4023136868656298345e-14	
1190	6.2423291388097510124e-14	
1191	6.0862576129750070466e-14	
1192	5.933974996381761061e-14	
1193	5.7853571760503749174e-14	
1194	5.6402800390012167883e-14	
1195	5.4986194722546479044e-14	
1196	5.3602632088364966939e-14	
1197	5.2251463657944496474e-14	
1198	5.0932159061816598218e-14	
1199	4.9644187930512752253e-14	
1200	4.8387019894564476528e-14	
1201	4.7160124584503295302e-14	
1202	4.5962971630860713902e-14	
1203	4.4795030664168243964e-14	
1204	4.3655771314957390815e-14	
1205	4.2544663213759666092e-14	
1206	4.1461175991106581434e-14	
1207	4.0404779277529648476e-14	
1208	3.9374942703560385167e-14	
1209	3.8371135899730290522e-14	
1210	3.7392828496570882491e-14	
1211	3.6439490124613666398e-14	
1212	3.5510590414390153882e-14	
1213	3.4605598996431869202e-14	
1214	3.3723985501270305061e-14	
1215	3.2865219559436973098e-14	
1216	3.202877080146339126e-14	
1217	3.1214108857881077497e-14	
1218	3.0420703359221524511e-14	
1219	2.9648023936016262874e-14	
1220	2.8895540218796785289e-14	
1221	2.8162721838094609706e-14	
1222	2.7449038424441254072e-14	
1223	2.6753959608368217402e-14	
1224	2.6076955020407011335e-14	
1225	2.5417494291089153818e-14	
1226	2.4775047050946159643e-14	
1227	2.4149082930509524672e-14	
1228	2.3539071560310770007e-14	
1229	2.2944482570881407286e-14	
1230	2.236478559275293868e-14	
1231	2.1799450256456885292e-14	
1232	2.1247946192524749294e-14	
1233	2.0709743031488042322e-14	
1234	2.0184310403878285481e-14	
1235	1.967111794022697463e-14	
1236	1.9169693623637276942e-14	
1237	1.8679798847498924932e-14	
1238	1.8201253357773309806e-14	
1239	1.7733876900421810149e-14	
1240	1.7277489221405807701e-14	
1241	1.6831910066686696823e-14	
1242	1.6396959182225859254e-14	
1243	1.5972456313984676736e-14	
1244	1.5558221207924534162e-14	
1245	1.5154073610006816429e-14	
1246	1.4759833266192911586e-14	
1247	1.4375319922444198218e-14	
1248	1.4000353324722067532e-14	
1249	1.3634753218987894956e-14	
1250	1.3278339351203078007e-14	
1251	1.2930931467328987381e-14	
1252	1.2592349313327019017e-14	
1253	1.2262412635158553077e-14	
1254	1.1940941178784971302e-14	
1255	1.1627754690167661741e-14	
1256	1.132267291526800929e-14	
1257	1.1025515600047397267e-14	
1258	1.0736102490467210566e-14	
1259	1.0454253332488832505e-14	
1260	1.0179787872073649558e-14	
1261	9.912525855183048197e-15	
1262	9.652287027778408584e-15	
1263	9.3988911358211187699e-15	
1264	9.1521579252725620722e-15	
1265	8.911907142094123386e-15	
1266	8.677958532247186029e-15	
1267	8.450131841693136474e-15	
1268	8.2282468163933564609e-15	
1269	8.0121232023092340404e-15	
1270	7.8015807454021509521e-15	
1271	7.5964391916334952469e-15	
1272	7.3965182869646486644e-15	
1273	7.2016377773569976777e-15	
1274	7.0116174087719256042e-15	
1275	6.8262769271708165503e-15	
1276	6.6454537342013296657e-15	
1277	6.4690558542562171738e-15	
1278	6.2970089674145063412e-15	
1279	6.1292387537552197014e-15	
1280	5.9656708933573853099e-15	
1281	5.8062310663000280667e-15	
1282	5.6508449526621744497e-15	
1283	5.4994382325228509367e-15	
1284	5.3519365859610800611e-15	
1285	5.2082656930558906674e-15	
1286	5.0683512338863076555e-15	
1287	4.9321188885313582922e-15	
1288	4.7994943370700658998e-15	
1289	4.670403259581457745e-15	
1290	4.5447713361445571501e-15	
1291	4.4225242468383945371e-15	
1292	4.3035876717419916508e-15	
1293	4.1878872909343773356e-15	
1294	4.0753487844945741248e-15	
1295	3.965897832501610074e-15	
1296	3.8594601150345108722e-15	
1297	3.7559613121723014194e-15	
1298	3.6553271039940081934e-15	
1299	3.5574831705786560943e-15	
1300	3.4623551920052723887e-15	
1301	3.3698688483528823712e-15	
1302	3.2799498197005105474e-15	
1303	3.1925237861271837895e-15	
1304	3.1075164277119281808e-15	
1305	3.0248534245337686215e-15	
1306	2.9444604566717319838e-15	
1307	2.8662632042048431676e-15	
1308	2.7901873472121278621e-15	
1309	2.7161585657726125449e-15	
1310	2.6441025399653232995e-15	
1311	2.5739449498692846314e-15	
1312	2.5056114755635238074e-15	
1313	2.4390277971270649386e-15	
1314	2.3741195946389352917e-15	
1315	2.3108125481781601611e-15	
1316	2.2490405875961939455e-15	
1317	2.1887706418342106148e-15	
1318	2.1299778896058096932e-15	
1319	2.0726375096245930714e-15	
1320	2.0167246806041622456e-15	
1321	1.9622145812581179234e-15	
1322	1.9090823903000631788e-15	
1323	1.8573032864435979303e-15	
1324	1.8068524484023236743e-15	
1325	1.7577050548898421042e-15	
1326	1.7098362846197547164e-15	
1327	1.6632213163056628099e-15	
1328	1.6178353286611674867e-15	
1329	1.5736535003998706374e-15	
1330	1.5306510102353727723e-15	
1331	1.4888030368812759793e-15	
1332	1.4480847590511811631e-15	
1333	1.4084713554586904116e-15	
1334	1.3699380048174046295e-15	
1335	1.3324598858409249187e-15	
1336	1.2960121772428529726e-15	
1337	1.2605700577367900904e-15	
1338	1.2261087060363379656e-15	
1339	1.1926033008550977e-15	
1340	1.1600290209066703955e-15	
1341	1.1283610449046575484e-15	
1342	1.0975745515626610495e-15	
1343	1.0676447195942816062e-15	
1344	1.0385467277131211092e-15	
1345	1.0102557546327806604e-15	
1346	9.8274697906686175603e-16	
1347	9.5599557972896549807e-16	
1348	9.2997673533269357999e-16	
1349	9.0466562459164710366e-16	
1350	8.800374262194277626e-16	
1351	8.5606731892963665868e-16	
1352	8.3273048143587509099e-16	
1353	8.1000209245174475303e-16	
1354	7.878573306908468453e-16	
1355	7.6627137486678276548e-16	
1356	7.4522206539748682644e-16	
1357	7.2469788951822598783e-16	
1358	7.0468999616859973003e-16	
1359	6.8518953428820763204e-16	
1360	6.6618765281664966728e-16	
1361	6.4767550069352541474e-16	
1362	6.2964422685843465064e-16	
1363	6.120849802509772498e-16	
1364	5.9498890981075239677e-16	
1365	5.783471644773602622e-16	
1366	5.6215089319040042508e-16	
1367	5.4639124488947256302e-16	
1368	5.3105936851417645222e-16	
1369	5.1614641300411177029e-16	
1370	5.0164352729887829344e-16	
1371	4.8754186033807550204e-16	
1372	4.7383256106130346815e-16	
1373	4.6050677840816167213e-16	
1374	4.47555661318249693e-16	
1375	4.3497035873116750417e-16	
1376	4.2274201958651473394e-16	
1377	4.1086179282389110921e-16	
1378	3.9932082738289625829e-16	
1379	3.8811027220313000669e-16	
1380	3.772212762241918841e-16	
1381	3.6664498838568181464e-16	
1382	3.56372557627199328e-16	
1383	3.46395132888344299e-16	
1384	3.3670386310871630664e-16	
1385	3.2728989722791522573e-16	
1386	3.1814438418554053665e-16	
1387	3.0925847292119211423e-16	
1388	3.0062331237446958676e-16	
1389	2.9223005148497277976e-16	
1390	2.8406983919230122292e-16	
1391	2.7613382443605479106e-16	
1392	2.6841315615583311247e-16	
1393	2.6089898329123591405e-16	
1394	2.5358245478186292273e-16	
1395	2.464547195673138654e-16	
1396	2.3950790243710792017e-16	
1397	2.3273803158044236586e-16	
1398	2.2614211103643422828e-16	
1399	2.1971714484420008955e-16	
1400	2.1346013704285685222e-16	
1401	2.0736809167152141887e-16	
1402	2.0143801276931054417e-16	
1403	1.9566690437534113069e-16	
1404	1.9005177052872995773e-16	
1405	1.8458961526859380462e-16	
1406	1.7927744263404959858e-16	
1407	1.7411225666421411891e-16	
1408	1.6909106139820419425e-16	
1409	1.6421086087513665319e-16	
1410	1.5946865913412832437e-16	
1411	1.548614602142959871e-16	
1412	1.5038626815475656859e-16	
1413	1.4604008699462689747e-16	
1414	1.4181992077302370374e-16	
1415	1.3772277352906386533e-16	
1416	1.337456493018641862e-16	
1417	1.2988555213054159358e-16	
1418	1.2613948605421276817e-16	
1419	1.2250445511199466184e-16	
1420	1.1897746334300405392e-16	
1421	1.1555551478635774836e-16	
1422	1.1223561348117262309e-16	
1423	1.0901476346656545741e-16	
1424	1.0588996878165311694e-16	
1425	1.0285823346555241794e-16	
1426	9.9916561557380201379e-17	
1427	9.7061957096253271208e-17	
1428	9.4291424121288456047e-17	
1429	9.160196667160259684e-17	
1430	8.8990588786312546854e-17	
1431	8.645429450453509773e-17	
1432	8.3990087865387078084e-17	
1433	8.1594972907985328858e-17	
1434	7.9265953671446703322e-17	
1435	7.7000034194887968463e-17	
1436	7.4794527413640797707e-17	
1437	7.2647981847895935566e-17	
1438	7.0559254914058946709e-17	
1439	6.8527204028535420457e-17	
1440	6.6550686607730896827e-17	
1441	6.4628560068050928163e-17	
1442	6.2759681825901103785e-17	
1443	6.0942909297686976037e-17	
1444	5.9177099899814109588e-17	
1445	5.7461111048688069107e-17	
1446	5.5793800160714406937e-17	
1447	5.4174024652298700073e-17	
1448	5.2600641939846507022e-17	
1449	5.1072509439763386289e-17	
1450	4.9588484568454908707e-17	
1451	4.8147424742326626619e-17	
1452	4.6748187377784110857e-17	
1453	4.5389629891232938416e-17	
1454	4.4070609699078649314e-17	
1455	4.2789984217726808219e-17	
1456	4.1546610863582992126e-17	
1457	4.0339347053052759542e-17	
1458	3.9167050202541668973e-17	
1459	3.8028577728455291251e-17	
1460	3.6922787047199178719e-17	
1461	3.5848535575178908373e-17	
1462	3.4804680728800038718e-17	
1463	3.3790079924468122097e-17	
1464	3.2803590578588735506e-17	
1465	3.1844070107567425125e-17	
1466	3.0910375927809780275e-17	
1467	3.0001365455721340974e-17	
1468	2.9115896107707678052e-17	
1469	2.8252825300174362343e-17	
1470	2.7411010449526946189e-17	
1471	2.6589308972171006587e-17	
1472	2.5786578284512086633e-17	
1473	2.5001675802955760243e-17	
1474	2.4233458943907595166e-17	
1475	2.3480785123773149909e-17	
1476	2.2742824260453902814e-17	
1477	2.2019996277834983835e-17	
1478	2.1313033601297448926e-17	
1479	2.0622668656222347877e-17	
1480	1.9949633867990721232e-17	
1481	1.929466166198363111e-17	
1482	1.8658484463582114974e-17	
1483	1.8041834698167225695e-17	
1484	1.7445444791120013064e-17	
1485	1.6870047167821529953e-17	
1486	1.631637425365282307e-17	
1487	1.5785158473994939125e-17	
1488	1.5277132254228924826e-17	
1489	1.4793028019735839207e-17	
1490	1.4333578195896725897e-17	
1491	1.3899515208092628521e-17	
1492	1.3491571481704606116e-17	
1493	1.3110479442113705389e-17	
1494	1.2756971514700968428e-17	
1495	1.2431780124847452726e-17	
1496	1.2135637697934204992e-17	
1497	1.1869276659342273475e-17	
1498	1.1633429434452709507e-17	
1499	1.1428828448646558256e-17	
