1.000000000000000048e-04 4.408390529633220467e+02
1.027405018997752352e-04 4.524243989393238508e+02
1.055561073061771855e-04 4.643138575305315499e+02
1.084488744322316498e-04 4.765153796227090197e+02
1.114209178963318053e-04 4.890371208610994813e+02
1.144744102680277911e-04 5.018874484573977384e+02
1.176115836561794674e-04 5.150749466134355998e+02
1.208347313406328040e-04 5.286084220863809833e+02
1.241462094486111515e-04 5.424969098949736690e+02
1.275484386770492817e-04 5.567496791664402735e+02
1.310439060621274650e-04 5.713762388973841553e+02
1.346351667972996060e-04 5.863863368024457259e+02
1.383248461011451461e-04 6.017899636663777301e+02
1.421156411364082092e-04 6.175973670674984533e+02
1.460103229816290648e-04 6.338190582886895754e+02
1.500117386568085678e-04 6.504658189904454275e+02
1.541228132045842640e-04 6.675487080442604793e+02
1.583465518284429309e-04 6.850790685341511335e+02
1.626860420895299888e-04 7.030685349293476065e+02
1.671444561636625185e-04 7.215290361637850083e+02
1.717250531601966900e-04 7.404727858600665513e+02
1.764311815044419069e-04 7.599123024208175821e+02
1.812662813853668255e-04 7.798604225821920863e+02
1.862338872703847451e-04 8.003303092853116141e+02
1.913376304890549004e-04 8.213354597335311382e+02
1.965812418875923743e-04 8.428897136400204317e+02
2.019685545561235849e-04 8.650072616619344217e+02
2.075035066306825241e-04 8.877026533765590557e+02
2.131901441719965900e-04 9.109907819988991378e+02
2.190326241231637403e-04 9.348868843677881841e+02
2.250352173483863348e-04 9.594065760789073920e+02
2.312023117549821946e-04 9.845658622508219651e+02
2.375384155009517616e-04 1.010381146817571107e+03
2.440481602904513139e-04 1.036869242014900919e+03
2.507363047595776470e-04 1.064047378080687849e+03
2.576077379549398063e-04 1.091933213229683588e+03
2.646674829075629557e-04 1.120544830961880734e+03
2.719207003047319953e-04 1.149900694723369270e+03
2.793726922624650247e-04 1.180019695080402016e+03
2.870289062013710942e-04 1.210921180970056866e+03
2.948949388287237729e-04 1.242624969969623635e+03
3.029765402296659546e-04 1.275151358798171032e+03
3.112796180705332022e-04 1.308521134031794190e+03
3.198102419173689658e-04 1.342755583030997968e+03
3.285746476727902251e-04 1.377876503477409187e+03
3.375792421344428278e-04 1.413906147812570225e+03
3.468306076783836986e-04 1.450867202214003100e+03
3.563355070708118218e-04 1.488782875111897965e+03
3.661008884116610860e-04 1.527676914148835749e+03
3.761338902136767120e-04 1.567573617182510361e+03
3.864418466206810134e-04 1.608497843463471781e+03
3.970322927688468341e-04 1.650475024988861151e+03
4.079129702948982683e-04 1.693531178104862875e+03
4.190918329952595376e-04 1.737692886952544086e+03
4.305770526402970364e-04 1.782987173458721600e+03
4.423770249479006076e-04 1.829441595584163451e+03
4.545003757207669330e-04 1.877084314862522433e+03
4.669559671518801387e-04 1.925944107019200601e+03
4.797529043027912426e-04 1.976050372617263747e+03
4.929005417594355988e-04 2.027433147789908389e+03
5.064084904703553772e-04 2.080123114992757564e+03
5.202866247723185282e-04 2.134151611554143528e+03
5.345450896084798014e-04 2.189550507084582932e+03
5.491943079443554815e-04 2.246352131705345073e+03
5.642449883870279169e-04 2.304589453379129736e+03
5.797081330131609919e-04 2.364296100973425837e+03
5.955950454115382237e-04 2.425506373056979555e+03
6.119173389460079958e-04 2.488255246510547749e+03
6.286869452448773160e-04 2.552578385043626440e+03
6.459161229229521588e-04 2.618512147553665272e+03
6.636174665426094760e-04 2.686093548602224018e+03
6.818039158204499978e-04 2.755359986010887042e+03
7.004887650862513847e-04 2.826349405781103542e+03
7.196856730011521675e-04 2.899100426645149128e+03
7.394086725421588919e-04 2.973652344811120656e+03
7.596721812602787866e-04 3.050045138097844756e+03
7.804910118197807417e-04 3.128319469724792725e+03
8.018803828262767962e-04 3.208516691726837962e+03
8.238559299515549631e-04 3.290678843438605782e+03
8.464337173632881890e-04 3.374848347372129410e+03
8.696302494679672597e-04 3.461067780268238948e+03
8.934624829756570045e-04 3.549380284716301503e+03
9.179478392953838552e-04 3.639829607085001953e+03
9.431042172702185826e-04 3.732460092820348109e+03
9.689500062613693506e-04 3.827316680964324405e+03
9.955040995908344143e-04 3.924444897982563816e+03
1.022785908352460537e-03 4.023890851595054301e+03
1.050815375601493133e-03 4.125701061139209742e+03
1.079612990932982347e-03 4.229921435053607638e+03
1.109199805459720788e-03 4.336597770055049295e+03
1.139597447200647613e-03 4.445776209462641418e+03
1.170828136890970407e-03 4.557503222375866244e+03
1.202914704225570243e-03 4.671825579480931992e+03
1.235880604547547838e-03 4.788790327595742383e+03
1.269749935994125660e-03 4.908444762823270139e+03
1.304547457112439565e-03 5.030836396870613498e+03
1.340298604958075354e-03 5.156012464121272387e+03
1.377029513689612432e-03 5.284019476555588881e+03
1.414767033672741830e-03 5.414903852783403636e+03
1.453538751107935709e-03 5.548711955088228933e+03
1.493373008196017745e-03 5.685490044890092577e+03
1.534298923856360249e-03 5.825284236424643495e+03
1.576346415012873196e-03 5.968140448464057954e+03
1.619546218463339786e-03 6.114104353771106616e+03
1.663929913348065554e-03 6.263221030340311700e+03
1.709529944234297735e-03 6.415532698937318855e+03
1.756379644833265096e-03 6.571079674081610392e+03
1.804513262367184396e-03 6.729901391608412268e+03
1.853965982604053198e-03 6.892036334811759843e+03
1.904773955578503708e-03 7.057521950639506031e+03
1.956974322017554762e-03 7.226394563213538277e+03
2.010605240490559269e-03 7.398689284409476386e+03
2.065705915303183218e-03 7.574439911964839666e+03
2.122316625155836346e-03 7.753677522024026985e+03
2.180478752587477597e-03 7.936428962859256899e+03
2.240234814226330692e-03 8.122718819137724495e+03
2.301628491869629235e-03 8.312569557823226205e+03
2.364704664415084607e-03 8.506001406505201885e+03
2.429509440667451149e-03 8.703032228104641035e+03
2.496090193044161239e-03 8.903677393159759959e+03
2.564495592204639896e-03 9.107949649023021266e+03
2.634775642628660146e-03 9.315858637399467625e+03
2.706981719169713595e-03 9.527407786199693874e+03
2.781166604610125267e-03 9.742595384096202906e+03
2.857384528245379869e-03 9.961416038331191885e+03
2.935691205525828382e-03 1.018386053027347589e+04
3.016143878784795142e-03 1.040991565604747484e+04
3.098801359082846776e-03 1.063956406628005971e+04
3.183724069198772769e-03 1.087278410597914262e+04
3.270974087798766798e-03 1.110954963931275779e+04
3.360615194816047365e-03 1.134982739902383764e+04
3.452712918074112968e-03 1.159357378437418993e+04
3.547334581187719122e-03 1.184073887162703613e+04
3.644549352776552294e-03 1.209126687843061882e+04
3.744428297027635726e-03 1.234509598327096683e+04
3.847044425643399851e-03 1.260215815054908671e+04
3.952472751213353952e-03 1.286237896028195064e+04
4.060790342048454550e-03 1.312567744549933195e+04
4.172076378518181465e-03 1.339196509457072352e+04
4.286412210931542059e-03 1.366113801881787003e+04
4.403881419004318336e-03 1.393307954131100632e+04
4.524569872955980059e-03 1.420766461590706058e+04
4.648565796280992000e-03 1.448475973075048023e+04
4.775959830240374474e-03 1.476422276360542310e+04
4.906845100120614013e-03 1.504590285139961452e+04
5.041317283308447035e-03 1.532964027491355773e+04
5.179474679231212825e-03 1.561526634368259693e+04
5.321418281213915503e-03 1.590259894886649272e+04
5.467251850305570107e-03 1.619143637054095962e+04
5.617081991128690735e-03 1.648156520058680690e+04
5.771018229807498706e-03 1.677276168881060221e+04
5.929173094031748789e-03 1.706479172817394647e+04
6.091662195314651029e-03 1.735741087053019874e+04
6.258604313505138593e-03 1.765036437067840961e+04
6.430121483616161454e-03 1.794338724913502665e+04
6.606339085032510682e-03 1.823620242145741577e+04
6.787385933163420614e-03 1.852849890151570435e+04
6.973394373606841591e-03 1.881993896995920295e+04
7.164500378894348917e-03 1.911017252462944816e+04
7.360843647887352001e-03 1.939883758125445456e+04
7.562567707897189725e-03 1.968556061607979427e+04
7.769820019603900299e-03 1.996995695818850072e+04
7.982752084850261443e-03 2.025163123627219466e+04
8.201519557389921541e-03 2.053017784577610655e+04
8.426282356670630747e-03 2.080516581030739326e+04
8.657204784735614972e-03 2.107611378049305858e+04
8.894455646328717005e-03 2.134252290722699399e+04
9.138208372291021023e-03 2.160388374901164207e+04
9.388641146339075927e-03 2.185967726846947335e+04
9.645937035317577249e-03 2.210937591081077699e+04
9.910284123021579142e-03 2.235244477176896544e+04
1.018187564768609915e-02 2.258834284006220696e+04
1.046091014324368809e-02 2.281652026277447294e+04
1.074759158445306138e-02 2.303636939788506788e+04
1.104212953600506968e-02 2.324724062332553149e+04
1.134473930571493032e-02 2.344848018390469224e+04
1.165564210191259546e-02 2.363943302600518655e+04
1.197506519514651181e-02 2.381944505806659072e+04
1.230324208431882518e-02 2.398786552377310363e+04
1.264041266737351600e-02 2.414404950014200222e+04
1.298682341666231727e-02 2.428736050457708552e+04
1.334272755911640289e-02 2.441713920488915755e+04
1.370838526135580680e-02 2.453264648231363026e+04
1.408406381987177200e-02 2.463314116833265143e+04
1.447003785642091318e-02 2.471790041979071248e+04
1.486658951877432508e-02 2.478622355278748364e+04
1.527400868696811992e-02 2.483743606115231887e+04
1.569259318520629942e-02 2.487089371498012042e+04
1.612264899957087730e-02 2.488598670708119607e+04
1.656449050169821191e-02 2.488214093488040453e+04
1.701844067858531914e-02 2.485878288730064742e+04
1.748483136869407109e-02 2.481535427175096265e+04
1.796400350452562883e-02 2.475134791273941664e+04
1.845630736184284554e-02 2.466631313639868677e+04
1.896210281572250494e-02 2.455986022733593927e+04
1.948175960362469317e-02 2.443166471427267606e+04
2.001565759567167091e-02 2.428147143210788272e+04
2.056418707233356041e-02 2.410909829012634509e+04
2.112774900972417061e-02 2.391448628985503092e+04
2.170675537271540487e-02 2.369779431894574736e+04
2.230162941608423294e-02 2.345928299762685128e+04
2.291280599391285616e-02 2.319928705169926252e+04
2.354073187746785062e-02 2.291821530533337136e+04
2.418586608179082789e-02 2.261655018109964658e+04
2.484868020123939814e-02 2.229484677554588052e+04
2.552965875422343739e-02 2.195373184727281478e+04
2.622929953738903711e-02 2.159393303440474119e+04
2.694811398950892195e-02 2.121679028285588356e+04
2.768662756534500877e-02 2.082410863330362190e+04
2.844538011975698139e-02 2.041768444777273908e+04
2.922492630233720912e-02 1.999928256647543822e+04
3.002583596286064263e-02 1.957062702194353187e+04
3.084869456784623126e-02 1.913339297191636069e+04
3.169410362853392060e-02 1.868919959994836609e+04
3.256268114059059082e-02 1.823960404665821625e+04
3.345506203586622734e-02 1.778645812767817915e+04
3.437189864653011906e-02 1.733262826345946087e+04
3.531386118192710033e-02 1.688096968082796957e+04
3.628163821850179799e-02 1.643408431817406017e+04
3.727593720314938130e-02 1.599432515458855778e+04
3.829748497036071508e-02 1.556380404740736594e+04
3.934702827353957905e-02 1.514440259823798260e+04
4.042533433088098954e-02 1.473778547812693796e+04
4.153319138620927692e-02 1.434544650663682660e+04
4.267140928518562554e-02 1.396878617160054637e+04
4.384082006730700282e-02 1.360904430100220816e+04
4.504227857412858999e-02 1.326729980482063183e+04
4.627666307415459479e-02 1.294449155578256250e+04
4.754487590485438619e-02 1.264140829273150666e+04
4.884784413227269417e-02 1.235789245181429033e+04
5.018652022871682161e-02 1.209289859442900706e+04
5.156188276901588902e-02 1.184542341384180145e+04
5.297493714586064967e-02 1.161431174948377338e+04
5.442671630474769234e-02 1.139726912960690061e+04
5.591828149906458156e-02 1.119173591867996583e+04
5.745072306586804928e-02 1.099492505332582368e+04
5.902516122292277706e-02 1.080325321945604992e+04
6.064274688758236609e-02 1.061311313272080588e+04
6.230466251811238310e-02 1.042054026543312102e+04
6.401212297806981033e-02 1.022159047817963801e+04
6.576637642437026254e-02 1.001231581368582374e+04
6.756870521969346455e-02 9.789153348460147754e+03
6.942042686989269296e-02 9.549324150368347546e+03
7.132289498709409870e-02 9.290387488665950514e+03
7.327750027919011089e-02 9.010408897346709637e+03
7.528567156644912217e-02 8.709804432331638964e+03
7.734887682598612368e-02 8.390171961243971964e+03
7.946862426485708231e-02 8.053594212644742584e+03
8.164646342256072498e-02 7.704278892215071210e+03
8.388398630375530629e-02 7.347590297946347164e+03
8.618282854201690657e-02 6.989417686540989962e+03
8.854467059549082919e-02 6.636408117115481218e+03
9.097123897530998149e-02 6.295580955995458680e+03
9.346430750767741047e-02 5.973436596122539413e+03
9.602569863053697641e-02 5.675400417493619898e+03
9.865728472577928176e-02 5.406198504700668309e+03
1.013609894879559381e-01 5.168673199754557572e+03
1.041387893305043416e-01 4.963589970759018797e+03
1.069927148305097331e-01 4.789853615158379398e+03
1.099248522130608502e-01 4.644516692502238584e+03
1.129373448762849008e-01 4.522168413500306087e+03
1.160323949581751890e-01 4.415890654815237212e+03
1.192122649463585593e-01 4.317604546074434438e+03
1.224792793319786077e-01 4.218419495623396870e+03
1.258358263089024986e-01 4.109719267836650943e+03
1.292843595194958228e-01 3.984554563005628552e+03
1.328273998482398521e-01 3.838934950086990739e+03
1.364675372645027807e-01 3.672167245866550729e+03
1.402074327158129574e-01 3.487147220755927265e+03
1.440498200730158940e-01 3.290456826524707594e+03
1.479975081287395466e-01 3.091283904742706000e+03
1.520533826506276498e-01 2.899425409583619967e+03
1.562204084908406232e-01 2.724041394359157493e+03
1.605016317533687342e-01 2.571971631948126742e+03
1.649001820207400548e-01 2.446488160438947034e+03
1.694192746417510775e-01 2.346890898982484487e+03
1.740622130818936797e-01 2.268225955982440610e+03
1.788323913381938135e-01 2.203258562992029510e+03
1.837332964202303132e-01 2.142430064495360057e+03
1.887685108991463689e-01 2.075633440880768831e+03
1.939417155265149018e-01 1.995658599806118218e+03
1.992566919249757207e-01 1.900314267995480350e+03
2.047173253526089753e-01 1.793236135514950547e+03
2.103276075430660363e-01 1.681882738830548533e+03
2.160916396235355585e-01 1.574889059633060697e+03
2.220136351126740237e-01 1.479773258142237410e+03
2.280979230006966729e-01 1.401064304145189908e+03
2.343489509138786120e-01 1.338812141883579898e+03
2.407712883657767977e-01 1.288444059155072182e+03
2.473696300975541940e-01 1.242549871557183906e+03
2.541487995098446473e-01 1.193833863941542631e+03
2.611137521886676138e-01 1.137912721194927144e+03
2.682695795279724793e-01 1.074829669598503870e+03
2.756215124514555526e-01 1.009127963419218645e+03
2.831749252363766622e-01 9.473858377860968858e+02
2.909353394421666517e-01 8.942377066513271302e+02
2.989084279466967531e-01 8.504314320272925443e+02
3.071000190931642559e-01 8.132025489796478723e+02
3.155161009506225467e-01 7.776154111166359826e+02
3.241628256912707506e-01 7.397393344233825019e+02
3.330465140877051367e-01 6.989547795709406728e+02
3.421736601334138816e-01 6.577038569804172994e+02
3.515509357899001541e-01 6.194454335823176052e+02
3.611851958639000215e-01 5.863109598680804311e+02
3.710834830182571098e-01 5.572441008510670599e+02
3.812530329201245238e-01 5.297606631655086176e+02
3.917012795302512451e-01 5.019188961142810399e+02
4.024358605372212461e-01 4.735597734023786529e+02
4.134646229406206408e-01 4.463267036197952962e+02
4.247956287872068359e-01 4.214935357156307418e+02
4.364371610642819310e-01 3.990582382221209059e+02
4.483977297545737040e-01 3.779725662193320659e+02
4.606860780570468106e-01 3.572024354243155813e+02
4.733111887782002203e-01 3.368797582160718207e+02
4.862822908985155457e-01 3.177026439298507512e+02
4.996088663188593681e-01 3.001165775883872016e+02
5.133006567917731688e-01 2.835865778057959119e+02
5.273676710427105396e-01 2.676498938120322464e+02
5.418201920864358367e-01 2.523605107180788707e+02
5.566687847439304448e-01 2.379516876807913945e+02
5.719243033652935404e-01 2.245094039685199903e+02
5.875978997642956614e-01 2.117494429691656137e+02
6.037010313703755626e-01 1.995728992587113169e+02
6.202454696040428095e-01 1.880790951644696065e+02
6.372433084818114324e-01 1.772533060421990854e+02
6.547069734569459509e-01 1.670096615574701957e+02
6.726492305024938112e-01 1.573094087185950229e+02
6.910831954432381519e-01 1.481456008990347470e+02
7.100223435433875574e-01 1.394998781715085556e+02
7.294805193570227386e-01 1.313382458076369801e+02
7.494719468484921654e-01 1.236284454304442022e+02
7.700112397901567318e-01 1.163459725575425239e+02
7.911134124450888150e-01 1.094709831541236724e+02
8.127938905425231564e-01 1.029841860188472822e+02
8.350685225540971368e-01 9.686599105668884135e+01
8.579535912791171892e-01 9.109653558104537296e+01
8.814658257473112490e-01 8.565689221187211899e+01
9.056224134477857124e-01 8.052910049352855992e+01
9.304410128931126511e-01 7.569612291124376213e+01
9.559397665277353795e-01 7.114180204669364116e+01
9.821373139901349303e-01 6.685081601364738901e+01
1.009052805738436032e+00 6.280863801035301464e+01
1.036705917049432157e+00 5.900149800125428357e+01
1.065116862401255027e+00 5.541634730475771420e+01
1.094306410250186712e+00 5.204087426188618792e+01
1.124295898212454237e+00 4.886347254816752184e+01
1.155107248662062602e+00 4.587313236543457151e+01
1.186762984756086770e+00 4.305940845099291181e+01
1.219286246899155213e+00 4.041239467148150055e+01
1.252700809659126113e+00 3.792269950883009955e+01
1.287031099146332958e+00 3.558142239492526926e+01
1.322302210869137573e+00 3.338012743052377829e+01
1.358539928078774883e+00 3.131078941999355081e+01
1.395770740616977257e+00 2.936579750364286667e+01
1.434021864280093927e+00 2.753795884417035111e+01
1.473321260713880587e+00 2.582047734546670625e+01
1.513697657853538381e+00 2.420693308430392321e+01
1.555180570923866190e+00 2.269126271417446361e+01
1.597800324014968520e+00 2.126774080842190884e+01
1.641588072249215324e+00 1.993096213721753074e+01
1.686575824555686998e+00 1.867582937595469517e+01
1.732796467068783652e+00 1.749754008476396550e+01
1.780283787168043474e+00 1.639156149976675536e+01
1.829072498176772310e+00 1.535361524986584669e+01
1.879198264737571344e+00 1.437966403116964642e+01
1.930697728883249642e+00 1.346589891198645716e+01
1.983608536822210278e+00 1.260872724269504275e+01
2.037969366457928810e+00 1.180476114676663002e+01
2.093819955662543641e+00 1.105080627166444174e+01
2.151201131325346072e+00 1.034384910187146644e+01
2.210154839197306043e+00 9.681048957780546971e+00
2.270724174553480079e+00 9.059730202219350659e+00
2.332953413695776135e+00 8.477373151498381887e+00
2.396888046318977672e+00 7.931605435664823567e+00
2.462574808763831946e+00 7.420193805502433904e+00
2.530061718181393804e+00 6.941036365590721680e+00
2.599398107633638322e+00 6.492155207443335740e+00
2.670634662156056827e+00 6.071688286360996223e+00
2.743823455808502398e+00 5.677881895702294734e+00
2.819017989741409824e+00 5.309087040368726029e+00
2.896273231305275697e+00 4.963753765038921628e+00
2.975645654231881654e+00 4.640425410557810437e+00
3.057193279916682549e+00 4.337733190887339774e+00
3.140975719832602930e+00 4.054391072201698698e+00
3.227054219106090915e+00 3.789190938322111180e+00
3.315491701287466952e+00 3.540998190219718733e+00
3.406352814348143632e+00 3.308748920447081687e+00
3.499703977938398047e+00 3.091444693008560396e+00
3.595613431940313021e+00 2.888147574029283682e+00
3.694151286351206931e+00 2.697976606807264588e+00
3.795389572534229483e+00 2.520104495654855281e+00
3.899402295873405144e+00 2.353754471952397509e+00
4.006265489871690733e+00 2.198197333039828116e+00
4.116057271731659917e+00 2.052748643594621836e+00
4.228857899459306680e+00 1.916765518899867571e+00
4.344749830532779633e+00 1.789643538176159732e+00
4.463817782179007487e+00 1.670815858005070265e+00
4.586148793302132098e+00 1.559751144754689456e+00
4.711832288109091493e+00 1.455951402862639465e+00
4.840960141478948486e+00 1.358949932002005756e+00
4.973626746123536613e+00 1.268309406054711985e+00
5.109929081588775901e+00 1.183620067037191692e+00
5.249966785146888526e+00 1.104498050545023480e+00
5.393842224631402615e+00 1.030584043304765718e+00
5.541660573268310408e+00 9.615416014386380938e-01
5.693529886557818109e+00 8.970555314671221359e-01
5.849561181263199572e+00 8.368305813906856683e-01
6.009868516564238483e+00 7.805902129101637277e-01
6.174569077434668429e+00 7.280754468177649263e-01
6.343783260304693528e+00 6.790437773037408808e-01
6.517634761070973504e+00 6.332681512528600676e-01
6.696250665518527434e+00 5.905360252617755101e-01
6.879761542220767190e+00 5.506484838809654336e-01
7.068301537985340666e+00 5.134193473750673364e-01
7.262008475915664008e+00 4.786743697547142240e-01
7.461023956159978709e+00 4.462504933255247441e-01
7.665493459421220734e+00 4.159951483107159342e-01
7.875566453303797232e+00 3.877655949531471080e-01
8.091396501574656952e+00 3.614283056365383828e-01
8.313141376418649031e+00 3.368583724046959604e-01
8.540963173770411032e+00 3.139388198654451401e-01
8.775028431806683571e+00 2.925601857704218656e-01
9.015508252686153412e+00 2.726201688280610602e-01
9.262578427625420829e+00 2.540231695621229524e-01
9.516419565402657099e+00 2.366798574351433038e-01
9.777217224383088379e+00 2.205067655191772780e-01
1.004516204816246905e+01 2.054259109726191690e-01
1.032044990492785175e+01 1.913644396867101027e-01
1.060328203063773955e+01 1.782543215130269754e-01
1.089386517612590310e+01 1.660320785010147016e-01
1.119241175823657564e+01 1.546384124600787280e-01
1.149914001510172668e+01 1.440179196720377530e-01
1.181427416567339250e+01 1.341188402775956023e-01
1.213804457362831357e+01 1.248928233361132761e-01
1.247068791576417546e+01 1.162947066687423647e-01
1.281244735501072007e+01 1.082823105743437597e-01
1.316357271818250396e+01 1.008162428771691016e-01
1.352432067860257625e+01 9.385969333935917369e-02
1.389495494373135998e+01 8.737827828934095764e-02
1.427574644793724623e+01 8.133990554388327576e-02
1.466697355055004692e+01 7.571462430318724735e-02
1.506892223934238650e+01 7.047448416515789127e-02
1.548188633958723237e+01 6.559340327921159286e-02
1.590616772884464680e+01 6.104704506399293712e-02
1.634207655763505329e+01 5.681270294267996152e-02
1.678993147615978287e+01 5.286919487217665858e-02
1.725005986723488149e+01 4.919676666180383684e-02
1.772279808560884007e+01 4.577699031281300124e-02
1.820849170383825921e+01 4.259267474002931264e-02
1.870749576490234389e+01 3.962778394430550855e-02
1.922017504173988200e+01 3.686736050959708161e-02
1.974690430389886941e+01 3.429745408387672306e-02
2.028806859149403508e+01 3.190505452134765468e-02
2.084406349667161251e+01 2.967802897645085980e-02
2.141529545278823221e+01 2.760505648707010234e-02
2.200218203151439411e+01 2.567557689885293509e-02
2.260515224808002799e+01 2.387974717906135927e-02
2.322464687488572110e+01 2.220839336981720452e-02
2.386111876370807749e+01 2.065296552380060241e-02
2.451503317673509841e+01 1.920549564473305118e-02
2.518686812667402819e+01 1.785855843646197427e-02
2.587711472617943897e+01 1.660523467317493243e-02
2.658627754685737443e+01 1.543907774946288829e-02
2.731487498810854575e+01 1.435408322304840799e-02
2.806343965607886304e+01 1.334465658263904453e-02
2.883251875299595213e+01 1.240558497285503686e-02
2.962267447717488622e+01 1.153201144847301393e-02
3.043448443398606429e+01 1.071941094223590948e-02
3.126854205808628251e+01 9.963567835942413811e-03
3.212545704722012374e+01 9.260555029409447275e-03
3.300585580791063478e+01 8.606714224545461769e-03
3.391038191336353691e+01 7.998634303620280953e-03
3.483969657392026420e+01 7.433135749430061848e-03
3.579447912040443924e+01 6.907258611761829883e-03
3.677542750071381050e+01 6.418247539044345806e-03
3.778325879002129994e+01 5.963537689180320976e-03
3.881870971495878564e+01 5.540741608819098503e-03
3.988253719216550053e+01 5.147637014229941924e-03
4.097551888159532041e+01 4.782155409270947601e-03
4.209845375498824183e+01 4.442372311497804968e-03
4.325216267991964969e+01 4.126499284385744606e-03
4.443748901985667743e+01 3.832871698902545060e-03
4.565529925065830952e+01 3.559939452885999348e-03
4.690648359397061995e+01 3.306259196799571191e-03
4.819195666798119504e+01 3.070487077202039682e-03
4.951265815600602593e+01 2.851371965827075115e-03
5.086955349340053800e+01 2.647749139084890763e-03
5.226363457329441076e+01 2.458534147689810535e-03
5.369592047166707260e+01 2.282711662096403079e-03
5.516745819229485193e+01 2.119332234092278795e-03
5.667932343211246149e+01 1.967514401557281852e-03
5.823262136754919283e+01 1.826439970683760164e-03
5.982848746241573679e+01 1.695349368088189994e-03
6.146808829793008755e+01 1.573537341918670313e-03
6.315262242549031413e+01 1.460348987856421648e-03
6.488332124281882329e+01 1.355176074646005559e-03
6.666144989411547783e+01 1.257456847875659117e-03
6.848830819488135546e+01 1.166681847915542174e-03
7.036523158208606787e+01 1.082377725833290425e-03
7.229359209037430389e+01 1.004093197023415984e-03
7.427479935502684327e+01 9.314025489054151641e-04
7.631030164240551983e+01 8.639110940989976669e-04
7.840158690863977142e+01 8.012516035932110061e-04
8.055018388732506196e+01 7.430824491724779103e-04
8.275766320702956591e+01 6.890858429180281080e-04
8.502563853942771743e+01 6.389661960555898749e-04
8.735576777889684763e+01 5.924485891792534301e-04
8.974975425444065991e+01 5.492773464051517755e-04
9.220934797482712497e+01 5.092147064987394148e-04
9.473634690784770385e+01 4.720395844778729451e-04
9.733259829463483470e+01 4.375464176224046773e-04
1.000000000000000000e+02 4.055440902218982900e-04
