1.000000000000000048e-04 4.336892264411826545e+02
1.027405018997752352e-04 4.450883252480520014e+02
1.055561073061771855e-04 4.567867824510555010e+02
1.084488744322316498e-04 4.687924387140367912e+02
1.114209178963318053e-04 4.811133383523718408e+02
1.144744102680277911e-04 4.937577344843713831e+02
1.176115836561794674e-04 5.067340943018750750e+02
1.208347313406328040e-04 5.200511044618664300e+02
1.241462094486111515e-04 5.337176766009388302e+02
1.275484386770492817e-04 5.477429529743232024e+02
1.310439060621274650e-04 5.621363122212030703e+02
1.346351667972996060e-04 5.769073752578734684e+02
1.383248461011451461e-04 5.920660113003322067e+02
1.421156411364082092e-04 6.076223440175144788e+02
1.460103229816290648e-04 6.235867578168692944e+02
1.500117386568085678e-04 6.399699042629554242e+02
1.541228132045842640e-04 6.567827086304994282e+02
1.583465518284429309e-04 6.740363765925644657e+02
1.626860420895299888e-04 6.917424010446170541e+02
1.671444561636625185e-04 7.099125690649838134e+02
1.717250531601966900e-04 7.285589690120210662e+02
1.764311815044419069e-04 7.476939977579266952e+02
1.812662813853668255e-04 7.673303680592521232e+02
1.862338872703847451e-04 7.874811160633860254e+02
1.913376304890549004e-04 8.081596089503404983e+02
1.965812418875923743e-04 8.293795527087519304e+02
2.019685545561235849e-04 8.511550000445461137e+02
2.075035066306825241e-04 8.735003584203730043e+02
2.131901441719965900e-04 8.964303982235583135e+02
2.190326241231637403e-04 9.199602610597728471e+02
2.250352173483863348e-04 9.441054681690512780e+02
2.312023117549821946e-04 9.688819289604531377e+02
2.375384155009517616e-04 9.943059496608109384e+02
2.440481602904513139e-04 1.020394242072556722e+03
2.507363047595776470e-04 1.047163932434880053e+03
2.576077379549398063e-04 1.074632570381649430e+03
2.646674829075629557e-04 1.102818137988923581e+03
2.719207003047319953e-04 1.131739058903720661e+03
2.793726922624650247e-04 1.161414207545173213e+03
2.870289062013710942e-04 1.191862918367960901e+03
2.948949388287237729e-04 1.223104995176764078e+03
3.029765402296659546e-04 1.255160720479971815e+03
3.112796180705332022e-04 1.288050864868579310e+03
3.198102419173689658e-04 1.321796696406074034e+03
3.285746476727902251e-04 1.356419990013362167e+03
3.375792421344428278e-04 1.391943036830472010e+03
3.468306076783836986e-04 1.428388653537116852e+03
3.563355070708118218e-04 1.465780191610558404e+03
3.661008884116610860e-04 1.504141546498721254e+03
3.761338902136767120e-04 1.543497166684472404e+03
3.864418466206810134e-04 1.583872062614590959e+03
3.970322927688468341e-04 1.625291815465553782e+03
4.079129702948982683e-04 1.667782585715477353e+03
4.190918329952595376e-04 1.711371121489813049e+03
4.305770526402970364e-04 1.756084766645659784e+03
4.423770249479006076e-04 1.801951468557214184e+03
4.545003757207669330e-04 1.848999785562013358e+03
4.669559671518801387e-04 1.897258894025334030e+03
4.797529043027912426e-04 1.946758594976546647e+03
4.929005417594355988e-04 1.997529320268955644e+03
5.064084904703553772e-04 2.049602138210800604e+03
5.202866247723185282e-04 2.103008758612296788e+03
5.345450896084798014e-04 2.157781537190010113e+03
5.491943079443554815e-04 2.213953479266050635e+03
5.642449883870279169e-04 2.271558242697659807e+03
5.797081330131609919e-04 2.330630139964914633e+03
5.955950454115382237e-04 2.391204139345540170e+03
6.119173389460079958e-04 2.453315865098308223e+03
6.286869452448773160e-04 2.517001596573144070e+03
6.459161229229521588e-04 2.582298266162445088e+03
6.636174665426094760e-04 2.649243456003884148e+03
6.818039158204499978e-04 2.717875393339626498e+03
7.004887650862513847e-04 2.788232944433924786e+03
7.196856730011521675e-04 2.860355606945236559e+03
7.394086725421588919e-04 2.934283500645415643e+03
7.596721812602787866e-04 3.010057356374138180e+03
7.804910118197807417e-04 3.087718503111540031e+03
8.018803828262767962e-04 3.167308853048348738e+03
8.238559299515549631e-04 3.248870884528190800e+03
8.464337173632881890e-04 3.332447622732603122e+03
8.696302494679672597e-04 3.418082617974841924e+03
8.934624829756570045e-04 3.505819921465283642e+03
9.179478392953838552e-04 3.595704058406971853e+03
9.431042172702185826e-04 3.687779998276351762e+03
9.689500062613693506e-04 3.782093122141054664e+03
9.955040995908344143e-04 3.878689186864320163e+03
1.022785908352460537e-03 3.977614286041585729e+03
1.050815375601493133e-03 4.078914807514125187e+03
1.079612990932982347e-03 4.182637387301827403e+03
1.109199805459720788e-03 4.288828859797675250e+03
1.139597447200647613e-03 4.397536204063758305e+03
1.170828136890970407e-03 4.508806486069040147e+03
1.202914704225570243e-03 4.622686796711092029e+03
1.235880604547547838e-03 4.739224185464302536e+03
1.269749935994125660e-03 4.858465589497765905e+03
1.304547457112439565e-03 4.980457758113285308e+03
1.340298604958075354e-03 5.105247172351927475e+03
1.377029513689612432e-03 5.232879959626721757e+03
1.414767033672741830e-03 5.363401803242644746e+03
1.453538751107935709e-03 5.496857846671989137e+03
1.493373008196017745e-03 5.633292592460733431e+03
1.534298923856360249e-03 5.772749795650397573e+03
1.576346415012873196e-03 5.915272351609758516e+03
1.619546218463339786e-03 6.060902178180886040e+03
1.663929913348065554e-03 6.209680092056561989e+03
1.709529944234297735e-03 6.361645679319429291e+03
1.756379644833265096e-03 6.516837160086676704e+03
1.804513262367184396e-03 6.675291247219424804e+03
1.853965982604053198e-03 6.837042999073445571e+03
1.904773955578503708e-03 7.002125666283513056e+03
1.956974322017554762e-03 7.170570532593483222e+03
2.010605240490559269e-03 7.342406749762848449e+03
2.065705915303183218e-03 7.517661166600712932e+03
2.122316625155836346e-03 7.696358152198376047e+03
2.180478752587477597e-03 7.878519413457571318e+03
2.240234814226330692e-03 8.064163807027844996e+03
2.301628491869629235e-03 8.253307145791615767e+03
2.364704664415084607e-03 8.445962000060259015e+03
2.429509440667451149e-03 8.642137493663107307e+03
2.496090193044161239e-03 8.841839095143006489e+03
2.564495592204639896e-03 9.045068404284591452e+03
2.634775642628660146e-03 9.251822934232755870e+03
2.706981719169713595e-03 9.462095889476393495e+03
2.781166604610125267e-03 9.675875939997373280e+03
2.857384528245379869e-03 9.893146991899713612e+03
2.935691205525828382e-03 1.011388795486244635e+04
3.016143878784795142e-03 1.033807250676794865e+04
3.098801359082846776e-03 1.056566885588091827e+04
3.183724069198772769e-03 1.079663950096518056e+04
3.270974087798766798e-03 1.103094098973790642e+04
3.360615194816047365e-03 1.126852367607271117e+04
3.452712918074112968e-03 1.150933147636829926e+04
3.547334581187719122e-03 1.175330162550654677e+04
3.644549352776552294e-03 1.200036443282521577e+04
3.744428297027635726e-03 1.225044303852675512e+04
3.847044425643399851e-03 1.250345317094358325e+04
3.952472751213353952e-03 1.275930290506860547e+04
4.060790342048454550e-03 1.301789242274644130e+04
4.172076378518181465e-03 1.327911377490586165e+04
4.286412210931542059e-03 1.354285064619372497e+04
4.403881419004318336e-03 1.380897812234362391e+04
4.524569872955980059e-03 1.407736246057847893e+04
4.648565796280992000e-03 1.434786086331623483e+04
4.775959830240374474e-03 1.462032125540378365e+04
4.906845100120614013e-03 1.489458206506748502e+04
5.041317283308447035e-03 1.517047200870432425e+04
5.179474679231212825e-03 1.544780987960101811e+04
5.321418281213915503e-03 1.572640434059866311e+04
5.467251850305570107e-03 1.600605372066264135e+04
5.617081991128690735e-03 1.628654581525341746e+04
5.771018229807498706e-03 1.656765769032362732e+04
5.929173094031748789e-03 1.684915548970665259e+04
6.091662195314651029e-03 1.713079424558168830e+04
6.258604313505138593e-03 1.741231769164756042e+04
6.430121483616161454e-03 1.769345807857265027e+04
6.606339085032510682e-03 1.797393599123257809e+04
6.787385933163420614e-03 1.825346016720953048e+04
6.973394373606841591e-03 1.853172731600646148e+04
7.164500378894348917e-03 1.880842193841486369e+04
7.360843647887352001e-03 1.908321614551329913e+04
7.562567707897189725e-03 1.935576947682393075e+04
7.769820019603900299e-03 1.962572871726792073e+04
7.982752084850261443e-03 1.989272771272286263e+04
8.201519557389921541e-03 2.015638718421097292e+04
8.426282356670630747e-03 2.041631454108514299e+04
8.657204784735614972e-03 2.067210369401032222e+04
8.894455646328717005e-03 2.092333486905317113e+04
9.138208372291021023e-03 2.116957442490590984e+04
9.388641146339075927e-03 2.141037467615101195e+04
9.645937035317577249e-03 2.164527372653605926e+04
9.910284123021579142e-03 2.187379531753906485e+04
1.018187564768609915e-02 2.209544869909080080e+04
1.046091014324368809e-02 2.230972853118909916e+04
1.074759158445306138e-02 2.251611482739610801e+04
1.104212953600506968e-02 2.271407295378733761e+04
1.134473930571493032e-02 2.290305369997098023e+04
1.165564210191259546e-02 2.308249344224809829e+04
1.197506519514651181e-02 2.325181442291743224e+04
1.230324208431882518e-02 2.341042517412676534e+04
1.264041266737351600e-02 2.355772111952650084e+04
1.298682341666231727e-02 2.369308539224641208e+04
1.334272755911640289e-02 2.381588991332730802e+04
1.370838526135580680e-02 2.392549678055217009e+04
1.408406381987177200e-02 2.402126002349613191e+04
1.447003785642091318e-02 2.410252778624799248e+04
1.486658951877432508e-02 2.416864500437329843e+04
1.527400868696811992e-02 2.421895664682361894e+04
1.569259318520629942e-02 2.425281159613905038e+04
1.612264899957087730e-02 2.426956724077813851e+04
1.656449050169821191e-02 2.426859485105779095e+04
1.701844067858531914e-02 2.424928580413196323e+04
1.748483136869407109e-02 2.421105871243721413e+04
1.796400350452562883e-02 2.415336749373637576e+04
1.845630736184284554e-02 2.407571039789795759e+04
1.896210281572250494e-02 2.397763997513338836e+04
1.948175960362469317e-02 2.385877393206381385e+04
2.001565759567167091e-02 2.371880677533994094e+04
2.056418707233356041e-02 2.355752208809195508e+04
2.112774900972417061e-02 2.337480522298302458e+04
2.170675537271540487e-02 2.317065612917073668e+04
2.230162941608423294e-02 2.294520196177505568e+04
2.291280599391285616e-02 2.269870905547548682e+04
2.354073187746785062e-02 2.243159378369677142e+04
2.418586608179082789e-02 2.214443177732582990e+04
2.484868020123939814e-02 2.183796494870365495e+04
2.552965875422343739e-02 2.151310576440036311e+04
2.622929953738903711e-02 2.117093824021210457e+04
2.694811398950892195e-02 2.081271519882973007e+04
2.768662756534500877e-02 2.043985143734832673e+04
2.844538011975698139e-02 2.005391259786185765e+04
2.922492630233720912e-02 1.965659971566948298e+04
3.002583596286064263e-02 1.924972962776793429e+04
3.084869456784623126e-02 1.883521164683816460e+04
3.169410362853392060e-02 1.841502112682594816e+04
3.256268114059059082e-02 1.799117074683371538e+04
3.345506203586622734e-02 1.756568049973840971e+04
3.437189864653011906e-02 1.714054747603247233e+04
3.531386118192710033e-02 1.671771656161283681e+04
3.628163821850179799e-02 1.629905311324159084e+04
3.727593720314938130e-02 1.588631853375915489e+04
3.829748497036071508e-02 1.548114944462903622e+04
3.934702827353957905e-02 1.508504085828914867e+04
4.042533433088098954e-02 1.469933340668446181e+04
4.153319138620927692e-02 1.432520431088982150e+04
4.267140928518562554e-02 1.396366140983363221e+04
4.384082006730700282e-02 1.361553923616296197e+04
4.504227857412858999e-02 1.328149586674063357e+04
4.627666307415459479e-02 1.296200911507242745e+04
4.754487590485438619e-02 1.265737060082982680e+04
4.884784413227269417e-02 1.236767635099520157e+04
5.018652022871682161e-02 1.209281287653099935e+04
5.156188276901588902e-02 1.183243814104781814e+04
5.297493714586064967e-02 1.158595750103850878e+04
5.442671630474769234e-02 1.135249555081612380e+04
5.591828149906458156e-02 1.113086583864828572e+04
5.745072306586804928e-02 1.091954160591841719e+04
5.902516122292277706e-02 1.071663198352795735e+04
6.064274688758236609e-02 1.051986936309176053e+04
6.230466251811238310e-02 1.032661479188481098e+04
6.401212297806981033e-02 1.013388899652651708e+04
6.576637642437026254e-02 9.938436730022280244e+03
6.756870521969346455e-02 9.736831195933511481e+03
6.942042686989269296e-02 9.525622979195586595e+03
7.132289498709409870e-02 9.301533923144819710e+03
7.327750027919011089e-02 9.061690640825885566e+03
7.528567156644912217e-02 8.803885095177016410e+03
7.734887682598612368e-02 8.526841650225489502e+03
7.946862426485708231e-02 8.230462435112109233e+03
8.164646342256072498e-02 7.916017475972228567e+03
8.388398630375530629e-02 7.586244724972889344e+03
8.618282854201690657e-02 7.245329462342768238e+03
8.854467059549082919e-02 6.898743305389053603e+03
9.097123897530998149e-02 6.552939526819540333e+03
9.346430750767741047e-02 6.214921121236180625e+03
9.602569863053697641e-02 5.891717111835820106e+03
9.865728472577928176e-02 5.589816423436844161e+03
1.013609894879559381e-01 5.314613685113119573e+03
1.041387893305043416e-01 5.069916672145507619e+03
1.069927148305097331e-01 4.857553676964267652e+03
1.099248522130608502e-01 4.677107293803032007e+03
1.129373448762849008e-01 4.525796311425749991e+03
1.160323949581751890e-01 4.398533829088909442e+03
1.192122649463585593e-01 4.288203907614870332e+03
1.224792793319786077e-01 4.186208018833605820e+03
1.258358263089024986e-01 4.083316926675248396e+03
1.292843595194958228e-01 3.970807250281755387e+03
1.328273998482398521e-01 3.841764804826148520e+03
1.364675372645027807e-01 3.692324966836835301e+03
1.402074327158129574e-01 3.522543663511969953e+03
1.440498200730158940e-01 3.336605754823966890e+03
1.479975081287395466e-01 3.142208243386925915e+03
1.520533826506276498e-01 2.949176868830658805e+03
1.562204084908406232e-01 2.767603243306687091e+03
1.605016317533687342e-01 2.605924539160919267e+03
1.649001820207400548e-01 2.469352012521086181e+03
1.694192746417510775e-01 2.358920984200926796e+03
1.740622130818936797e-01 2.271287026464801329e+03
1.788323913381938135e-01 2.199318511148586367e+03
1.837332964202303132e-01 2.133512237247769008e+03
1.887685108991463689e-01 2.064154942865903649e+03
1.939417155265149018e-01 1.983863928213937243e+03
1.992566919249757207e-01 1.889760043784948039e+03
2.047173253526089753e-01 1.784367543823557980e+03
2.103276075430660363e-01 1.674682528560968876e+03
2.160916396235355585e-01 1.569636099349450888e+03
2.220136351126740237e-01 1.476929398988045705e+03
2.280979230006966729e-01 1.400446205131200713e+03
2.343489509138786120e-01 1.339106573810235886e+03
2.407712883657767977e-01 1.287483483706297193e+03
2.473696300975541940e-01 1.238034820900787508e+03
2.541487995098446473e-01 1.184284225947576715e+03
2.611137521886676138e-01 1.123653097030047093e+03
2.682695795279724793e-01 1.058425825886436087e+03
2.756215124514555526e-01 9.941616856883600803e+02
2.831749252363766622e-01 9.364311148025444709e+02
2.909353394421666517e-01 8.877981506480250573e+02
2.989084279466967531e-01 8.467072360447510846e+02
3.071000190931642559e-01 8.087827282685195769e+02
3.155161009506225467e-01 7.697453685798337801e+02
3.241628256912707506e-01 7.281164767697421212e+02
3.330465140877051367e-01 6.858131802170961464e+02
3.421736601334138816e-01 6.462266008613958093e+02
3.515509357899001541e-01 6.114178241645325897e+02
3.611851958639000215e-01 5.807028085538938740e+02
3.710834830182571098e-01 5.516122047469757490e+02
3.812530329201245238e-01 5.222197832742014043e+02
3.917012795302512451e-01 4.926802421314221192e+02
4.024358605372212461e-01 4.646087182654698040e+02
4.134646229406206408e-01 4.391549038611133824e+02
4.247956287872068359e-01 4.158960497269630423e+02
4.364371610642819310e-01 3.935761400972504589e+02
4.483977297545737040e-01 3.716045991527840897e+02
4.606860780570468106e-01 3.504938918651143354e+02
4.733111887782002203e-01 3.309012597982904254e+02
4.862822908985155457e-01 3.127200482906051207e+02
4.996088663188593681e-01 2.953674857564051877e+02
5.133006567917731688e-01 2.786305748396929971e+02
5.273676710427105396e-01 2.627828299872321622e+02
5.418201920864358367e-01 2.479781824005747239e+02
5.566687847439304448e-01 2.339983075473398912e+02
5.719243033652935404e-01 2.206475621109219105e+02
5.875978997642956614e-01 2.079946913014382233e+02
6.037010313703755626e-01 1.961067996393915678e+02
6.202454696040428095e-01 1.848732447753125996e+02
6.372433084818114324e-01 1.742036398957496885e+02
6.547069734569459509e-01 1.641277163083719586e+02
6.726492305024938112e-01 1.546363090102987883e+02
6.910831954432381519e-01 1.456530990929580582e+02
7.100223435433875574e-01 1.371573468961310596e+02
7.294805193570227386e-01 1.291519825021312045e+02
7.494719468484921654e-01 1.215903752108871316e+02
7.700112397901567318e-01 1.144437782433836333e+02
7.911134124450888150e-01 1.077093380371231177e+02
8.127938905425231564e-01 1.013522836441510862e+02
8.350685225540971368e-01 9.535098218145419935e+01
8.579535912791171892e-01 8.969738859974465583e+01
8.814658257473112490e-01 8.436126991823634569e+01
9.056224134477857124e-01 7.933140227391963606e+01
9.304410128931126511e-01 7.459188017499170087e+01
9.559397665277353795e-01 7.012159609237701829e+01
9.821373139901349303e-01 6.591276805555970952e+01
1.009052805738436032e+00 6.194454794174954770e+01
1.036705917049432157e+00 5.820866259350215444e+01
1.065116862401255027e+00 5.468888221196012012e+01
1.094306410250186712e+00 5.137526019832751700e+01
1.124295898212454237e+00 4.825509292772609626e+01
1.155107248662062602e+00 4.531833394849951446e+01
1.186762984756086770e+00 4.255401432271935391e+01
1.219286246899155213e+00 3.995319472764688840e+01
1.252700809659126113e+00 3.750564078933695811e+01
1.287031099146332958e+00 3.520387021020113849e+01
1.322302210869137573e+00 3.303826414287829749e+01
1.358539928078774883e+00 3.100227808492575576e+01
1.395770740616977257e+00 2.908761205637140179e+01
1.434021864280093927e+00 2.728762752523070390e+01
1.473321260713880587e+00 2.559593020488927806e+01
1.513697657853538381e+00 2.400577124728655320e+01
1.555180570923866190e+00 2.251162500550847412e+01
1.597800324014968520e+00 2.110792341330435207e+01
1.641588072249215324e+00 1.978915349347849428e+01
1.686575824555686998e+00 1.855046391221741331e+01
1.732796467068783652e+00 1.738726144331642942e+01
1.780283787168043474e+00 1.629503128781360033e+01
1.829072498176772310e+00 1.526953482427801134e+01
1.879198264737571344e+00 1.430685236968421670e+01
1.930697728883249642e+00 1.340329242396337150e+01
1.983608536822210278e+00 1.255534562934427179e+01
2.037969366457928810e+00 1.175968951119946304e+01
2.093819955662543641e+00 1.101319382856780038e+01
2.151201131325346072e+00 1.031291288748240831e+01
2.210154839197306043e+00 9.656072974599434033e+00
2.270724174553480079e+00 9.040061014182558807e+00
2.332953413695776135e+00 8.462415256621092396e+00
2.396888046318977672e+00 7.920816945315246826e+00
2.462574808763831946e+00 7.413081912846013921e+00
2.530061718181393804e+00 6.937151860820460314e+00
2.599398107633638322e+00 6.491087121682718397e+00
2.670634662156056827e+00 6.073063875758621499e+00
2.743823455808502398e+00 5.681372046771223872e+00
2.819017989741409824e+00 5.314401173349670771e+00
2.896273231305275697e+00 4.970624347109253272e+00
2.975645654231881654e+00 4.648612907053126797e+00
3.057193279916682549e+00 4.347034221313420765e+00
3.140975719832602930e+00 4.064614161167460438e+00
3.227054219106090915e+00 3.800171713363859283e+00
3.315491701287466952e+00 3.552589387786419639e+00
3.406352814348143632e+00 3.320817996985080622e+00
3.499703977938398047e+00 3.103871717413168252e+00
3.595613431940313021e+00 2.900827074180776233e+00
3.694151286351206931e+00 2.710809982731030132e+00
3.795389572534229483e+00 2.533007333406321226e+00
3.899402295873405144e+00 2.366651149948100663e+00
4.006265489871690733e+00 2.211019779991467704e+00
4.116057271731659917e+00 2.065437519071949168e+00
4.228857899459306680e+00 1.929270045153617774e+00
4.344749830532779633e+00 1.801921603336283706e+00
4.463817782179007487e+00 1.682833070123571861e+00
4.586148793302132098e+00 1.571479908073967202e+00
4.711832288109091493e+00 1.467370068061932153e+00
4.840960141478948486e+00 1.370041938082989796e+00
4.973626746123536613e+00 1.279062466066432480e+00
5.109929081588775901e+00 1.194025792482078518e+00
5.249966785146888526e+00 1.114551735763743556e+00
5.393842224631402615e+00 1.040283080098014290e+00
5.541660573268310408e+00 9.708854168822611541e-01
5.693529886557818109e+00 9.060454537682736120e-01
5.849561181263199572e+00 8.454692909002480272e-01
6.009868516564238483e+00 7.888816568623469028e-01
6.174569077434668429e+00 7.360248405185457754e-01
6.343783260304693528e+00 6.866571546737961773e-01
6.517634761070973504e+00 6.405523289524639452e-01
6.696250665518527434e+00 5.974984872345907583e-01
6.879761542220767190e+00 5.572972014922804584e-01
7.068301537985340666e+00 5.197626617593357201e-01
7.262008475915664008e+00 4.847209239770794431e-01
7.461023956159978709e+00 4.520092188368325936e-01
7.665493459421220734e+00 4.214750954855081555e-01
7.875566453303797232e+00 3.929759348473552683e-01
8.091396501574656952e+00 3.663782704507192456e-01
8.313141376418649031e+00 3.415572452932423286e-01
8.540963173770411032e+00 3.183959968551468012e-01
8.775028431806683571e+00 2.967852408353575111e-01
9.015508252686153412e+00 2.766227538857150559e-01
9.262578427625420829e+00 2.578129236118678058e-01
9.516419565402657099e+00 2.402663359125531972e-01
9.777217224383088379e+00 2.238993980478894974e-01
1.004516204816246905e+01 2.086339345724247396e-01
1.032044990492785175e+01 1.943968699361004193e-01
1.060328203063773955e+01 1.811198909980883398e-01
1.089386517612590310e+01 1.687391546937235254e-01
1.119241175823657564e+01 1.571949858025031010e-01
1.149914001510172668e+01 1.464316193371725527e-01
1.181427416567339250e+01 1.363969498754043497e-01
1.213804457362831357e+01 1.270422958984915862e-01
1.247068791576417546e+01 1.183221691584767227e-01
1.281244735501072007e+01 1.101940873405745647e-01
1.316357271818250396e+01 1.026183632698239034e-01
1.352432067860257625e+01 9.555793076499700944e-02
1.389495494373135998e+01 8.897817525995931065e-02
1.427574644793724623e+01 8.284677374713239617e-02
1.466697355055004692e+01 7.713354234329364290e-02
1.506892223934238650e+01 7.181030439937576004e-02
1.548188633958723237e+01 6.685075198611954705e-02
1.590616772884464680e+01 6.223032810313041535e-02
1.634207655763505329e+01 5.792611166616516705e-02
1.678993147615978287e+01 5.391670872037756385e-02
1.725005986723488149e+01 5.018215436286419667e-02
1.772279808560884007e+01 4.670381698545962579e-02
1.820849170383825921e+01 4.346431198172983484e-02
1.870749576490234389e+01 4.044741895132378945e-02
1.922017504173988200e+01 3.763800534993717861e-02
1.974690430389886941e+01 3.502195379166429812e-02
2.028806859149403508e+01 3.258609587948781833e-02
2.084406349667161251e+01 3.031814902991429236e-02
2.141529545278823221e+01 2.820665738875494793e-02
2.200218203151439411e+01 2.624093773049154463e-02
2.260515224808002799e+01 2.441102738103347394e-02
2.322464687488572110e+01 2.270763672456601115e-02
2.386111876370807749e+01 2.112210404868115551e-02
2.451503317673509841e+01 1.964635406551023394e-02
2.518686812667402819e+01 1.827285842651239084e-02
2.587711472617943897e+01 1.699459927147199678e-02
2.658627754685737443e+01 1.580503509823635508e-02
2.731487498810854575e+01 1.469806879342203804e-02
2.806343965607886304e+01 1.366801791714671380e-02
2.883251875299595213e+01 1.270958671665544867e-02
2.962267447717488622e+01 1.181784027102582638e-02
3.043448443398606429e+01 1.098818016581989618e-02
3.126854205808628251e+01 1.021632178940010127e-02
3.212545704722012374e+01 9.498273219215437255e-03
3.300585580791063478e+01 8.830315467479966235e-03
3.391038191336353691e+01 8.208983997675859887e-03
3.483969657392026420e+01 7.631051565757381722e-03
3.579447912040443924e+01 7.093512112708367547e-03
3.677542750071381050e+01 6.593565807570681350e-03
3.778325879002129994e+01 6.128605040825210910e-03
3.881870971495878564e+01 5.696201375476472525e-03
3.988253719216550053e+01 5.294093378829441490e-03
4.097551888159532041e+01 4.920175248475760522e-03
4.209845375498824183e+01 4.572486223769571187e-03
4.325216267991964969e+01 4.249200700654991343e-03
4.443748901985667743e+01 3.948619012345454087e-03
4.565529925065830952e+01 3.669158828853969021e-03
4.690648359397061995e+01 3.409347138309449469e-03
4.819195666798119504e+01 3.167812775248788227e-03
4.951265815600602593e+01 2.943279444370176540e-03
5.086955349340053800e+01 2.734559223366316450e-03
5.226363457329441076e+01 2.540546500749301696e-03
5.369592047166707260e+01 2.360212330940093459e-03
5.516745819229485193e+01 2.192599165173770865e-03
5.667932343211246149e+01 2.036815946059202312e-03
5.823262136754919283e+01 1.892033532120970330e-03
5.982848746241573679e+01 1.757480435580604638e-03
6.146808829793008755e+01 1.632438850049471295e-03
6.315262242549031413e+01 1.516240948440180638e-03
6.488332124281882329e+01 1.408265433913602656e-03
6.666144989411547783e+01 1.307934326453565749e-03
6.848830819488135546e+01 1.214709969292677386e-03
7.036523158208606787e+01 1.128092239714664812e-03
7.229359209037430389e+01 1.047615951120175245e-03
7.427479935502684327e+01 9.728484328283623509e-04
7.631030164240551983e+01 9.033872767201972824e-04
7.840158690863977142e+01 8.388582373779382125e-04
8.055018388732506196e+01 7.789132776169114484e-04
8.275766320702956591e+01 7.232287477169783074e-04
8.502563853942771743e+01 6.715036901395945047e-04
8.735576777889684763e+01 6.234582612610396236e-04
8.974975425444065991e+01 5.788322614441365668e-04
9.220934797482712497e+01 5.373837669433915000e-04
9.473634690784770385e+01 4.988878559413807571e-04
9.733259829463483470e+01 4.631354227996748721e-04
1.000000000000000000e+02 4.299320741539782624e-04
