0.000000000000000000e+00 1.000000000000000000e+00
2.443792766373411533e-03 1.000000000000000000e+00
4.887585532746823065e-03 1.000000000000000000e+00
7.331378299120235031e-03 1.000000000000000000e+00
9.775171065493646130e-03 1.000000000000000000e+00
1.221896383186705723e-02 1.000000000000000000e+00
1.466275659824047006e-02 1.000000000000000000e+00
1.710654936461387943e-02 1.000000000000000000e+00
1.955034213098729226e-02 1.000000000000000000e+00
2.199413489736070509e-02 1.000000000000000000e+00
2.443792766373411446e-02 1.000000000000000000e+00
2.688172043010752729e-02 1.000000000000000000e+00
2.932551319648094013e-02 1.000000000000000000e+00
3.176930596285434949e-02 1.000000000000000000e+00
3.421309872922775885e-02 1.000000000000000000e+00
3.665689149560117516e-02 1.000000000000000000e+00
3.910068426197458452e-02 1.000000000000000000e+00
4.154447702834799389e-02 1.000000000000000000e+00
4.398826979472141019e-02 1.000000000000000000e+00
4.643206256109481955e-02 1.000000000000000000e+00
4.887585532746822892e-02 1.000000000000000000e+00
5.131964809384164522e-02 1.000000000000000000e+00
5.376344086021505458e-02 1.000000000000000000e+00
5.620723362658846395e-02 1.000000000000000000e+00
5.865102639296188025e-02 1.000000000000000000e+00
6.109481915933528962e-02 1.000000000000000000e+00
6.353861192570869898e-02 1.000000000000000000e+00
6.598240469208210834e-02 1.000000000000000000e+00
6.842619745845551771e-02 1.000000000000000000e+00
7.086999022482894095e-02 1.000000000000000000e+00
7.331378299120235031e-02 1.000000000000000000e+00
7.575757575757575968e-02 1.000000000000000000e+00
7.820136852394916904e-02 1.000000000000000000e+00
8.064516129032257841e-02 1.000000000000000000e+00
8.308895405669598777e-02 1.000000000000000000e+00
8.553274682306939714e-02 1.000000000000000000e+00
8.797653958944282038e-02 1.000000000000000000e+00
9.042033235581622974e-02 1.000000000000000000e+00
9.286412512218963911e-02 1.000000000000000000e+00
9.530791788856304847e-02 1.000000000000000000e+00
9.775171065493645783e-02 1.000000000000000000e+00
1.001955034213098672e-01 1.000000000000000000e+00
1.026392961876832904e-01 1.000000000000000000e+00
1.050830889540566998e-01 1.000000000000000000e+00
1.075268817204301092e-01 1.000000000000000000e+00
1.099706744868035185e-01 1.000000000000000000e+00
1.124144672531769279e-01 1.000000000000000000e+00
1.148582600195503373e-01 1.000000000000000000e+00
1.173020527859237605e-01 1.000000000000000000e+00
1.197458455522971699e-01 1.000000000000000000e+00
1.221896383186705792e-01 1.000000000000000000e+00
1.246334310850439886e-01 1.000000000000000000e+00
1.270772238514173980e-01 1.000000000000000000e+00
1.295210166177908073e-01 1.000000000000000000e+00
1.319648093841642167e-01 1.000000000000000000e+00
1.344086021505376261e-01 1.000000000000000000e+00
1.368523949169110354e-01 1.000000000000000000e+00
1.392961876832844448e-01 1.000000000000000000e+00
1.417399804496578819e-01 1.000000000000000000e+00
1.441837732160312913e-01 1.000000000000000000e+00
1.466275659824047006e-01 1.000000000000000000e+00
1.490713587487781100e-01 1.000000000000000000e+00
1.515151515151515194e-01 1.000000000000000000e+00
1.539589442815249287e-01 1.000000000000000000e+00
1.564027370478983381e-01 1.000000000000000000e+00
1.588465298142717474e-01 1.000000000000000000e+00
1.612903225806451568e-01 1.000000000000000000e+00
1.637341153470185662e-01 1.000000000000000000e+00
1.661779081133919755e-01 1.000000000000000000e+00
1.686217008797653849e-01 1.000000000000000000e+00
1.710654936461387943e-01 1.000000000000000000e+00
1.735092864125122314e-01 1.000000000000000000e+00
1.759530791788856408e-01 1.000000000000000000e+00
1.783968719452590501e-01 1.000000000000000000e+00
1.808406647116324595e-01 1.000000000000000000e+00
1.832844574780058688e-01 1.000000000000000000e+00
1.857282502443792782e-01 1.000000000000000000e+00
1.881720430107526876e-01 1.000000000000000000e+00
1.906158357771260969e-01 1.000000000000000000e+00
1.930596285434995063e-01 1.000000000000000000e+00
1.955034213098729157e-01 1.000000000000000000e+00
1.979472140762463250e-01 1.000000000000000000e+00
2.003910068426197344e-01 1.000000000000000000e+00
2.028347996089931438e-01 1.000000000000000000e+00
2.052785923753665809e-01 1.000000000000000000e+00
2.077223851417399902e-01 1.000000000000000000e+00
2.101661779081133996e-01 1.000000000000000000e+00
2.126099706744868090e-01 1.000000000000000000e+00
2.150537634408602183e-01 1.000000000000000000e+00
2.174975562072336277e-01 1.000000000000000000e+00
2.199413489736070371e-01 1.000000000000000000e+00
2.223851417399804464e-01 1.000000000000000000e+00
2.248289345063538558e-01 1.000000000000000000e+00
2.272727272727272652e-01 1.000000000000000000e+00
2.297165200391006745e-01 1.000000000000000000e+00
2.321603128054740839e-01 1.000000000000000000e+00
2.346041055718475210e-01 1.000000000000000000e+00
2.370478983382209304e-01 1.000000000000000000e+00
2.394916911045943397e-01 1.000000000000000000e+00
2.419354838709677491e-01 1.000000000000000000e+00
2.443792766373411585e-01 1.000000000000000000e+00
2.468230694037145678e-01 1.000000000000000000e+00
2.492668621700879772e-01 1.000000000000000000e+00
2.517106549364613866e-01 1.000000000000000000e+00
2.541544477028347959e-01 1.000000000000000000e+00
2.565982404692082053e-01 1.000000000000000000e+00
2.590420332355816146e-01 1.000000000000000000e+00
2.614858260019550240e-01 1.000000000000000000e+00
2.639296187683284334e-01 1.000000000000000000e+00
2.663734115347018427e-01 1.000000000000000000e+00
2.688172043010752521e-01 1.000000000000000000e+00
2.712609970674486615e-01 1.000000000000000000e+00
2.737047898338220708e-01 1.000000000000000000e+00
2.761485826001954802e-01 1.000000000000000000e+00
2.785923753665688896e-01 1.000000000000000000e+00
2.810361681329422989e-01 1.000000000000000000e+00
2.834799608993157638e-01 1.000000000000000000e+00
2.859237536656891732e-01 1.000000000000000000e+00
2.883675464320625825e-01 1.000000000000000000e+00
2.908113391984359919e-01 1.000000000000000000e+00
2.932551319648094013e-01 1.000000000000000000e+00
2.956989247311828106e-01 1.000000000000000000e+00
2.981427174975562200e-01 1.000000000000000000e+00
3.005865102639296293e-01 1.000000000000000000e+00
3.030303030303030387e-01 1.000000000000000000e+00
3.054740957966764481e-01 1.000000000000000000e+00
3.079178885630498574e-01 1.000000000000000000e+00
3.103616813294232668e-01 1.000000000000000000e+00
3.128054740957966762e-01 1.000000000000000000e+00
3.152492668621700855e-01 1.000000000000000000e+00
3.176930596285434949e-01 1.000000000000000000e+00
3.201368523949169043e-01 1.000000000000000000e+00
3.225806451612903136e-01 1.000000000000000000e+00
3.250244379276637230e-01 1.000000000000000000e+00
3.274682306940371324e-01 1.000000000000000000e+00
3.299120234604105417e-01 1.000000000000000000e+00
3.323558162267839511e-01 1.000000000000000000e+00
3.347996089931573604e-01 1.000000000000000000e+00
3.372434017595307698e-01 1.000000000000000000e+00
3.396871945259041792e-01 1.000000000000000000e+00
3.421309872922775885e-01 1.000000000000000000e+00
3.445747800586510534e-01 1.000000000000000000e+00
3.470185728250244628e-01 1.000000000000000000e+00
3.494623655913978721e-01 1.000000000000000000e+00
3.519061583577712815e-01 1.000000000000000000e+00
3.543499511241446909e-01 1.000000000000000000e+00
3.567937438905181002e-01 1.000000000000000000e+00
3.592375366568915096e-01 1.000000000000000000e+00
3.616813294232649190e-01 1.000000000000000000e+00
3.641251221896383283e-01 1.000000000000000000e+00
3.665689149560117377e-01 1.000000000000000000e+00
3.690127077223851471e-01 1.000000000000000000e+00
3.714565004887585564e-01 1.000000000000000000e+00
3.739002932551319658e-01 1.000000000000000000e+00
3.763440860215053752e-01 1.000000000000000000e+00
3.787878787878787845e-01 1.000000000000000000e+00
3.812316715542521939e-01 1.000000000000000000e+00
3.836754643206256032e-01 1.000000000000000000e+00
3.861192570869990126e-01 1.000000000000000000e+00
3.885630498533724220e-01 1.000000000000000000e+00
3.910068426197458313e-01 1.000000000000000000e+00
3.934506353861192407e-01 1.000000000000000000e+00
3.958944281524926501e-01 1.000000000000000000e+00
3.983382209188660594e-01 1.000000000000000000e+00
4.007820136852394688e-01 1.000000000000000000e+00
4.032258064516128782e-01 1.000000000000000000e+00
4.056695992179862875e-01 1.000000000000000000e+00
4.081133919843597524e-01 1.000000000000000000e+00
4.105571847507331618e-01 1.000000000000000000e+00
4.130009775171065711e-01 1.000000000000000000e+00
4.154447702834799805e-01 1.000000000000000000e+00
4.178885630498533899e-01 1.000000000000000000e+00
4.203323558162267992e-01 1.000000000000000000e+00
4.227761485826002086e-01 1.000000000000000000e+00
4.252199413489736179e-01 1.000000000000000000e+00
4.276637341153470273e-01 1.000000000000000000e+00
4.301075268817204367e-01 1.000000000000000000e+00
4.325513196480938460e-01 1.000000000000000000e+00
4.349951124144672554e-01 1.000000000000000000e+00
4.374389051808406648e-01 1.000000000000000000e+00
4.398826979472140741e-01 1.000000000000000000e+00
4.423264907135874835e-01 1.000000000000000000e+00
4.447702834799608929e-01 1.000000000000000000e+00
4.472140762463343022e-01 1.000000000000000000e+00
4.496578690127077116e-01 1.000000000000000000e+00
4.521016617790811210e-01 1.000000000000000000e+00
4.545454545454545303e-01 1.000000000000000000e+00
4.569892473118279397e-01 1.000000000000000000e+00
4.594330400782013490e-01 1.000000000000000000e+00
4.618768328445747584e-01 1.000000000000000000e+00
4.643206256109481678e-01 1.000000000000000000e+00
4.667644183773215771e-01 1.000000000000000000e+00
4.692082111436950420e-01 1.000000000000000000e+00
4.716520039100684514e-01 1.000000000000000000e+00
4.740957966764418607e-01 1.000000000000000000e+00
4.765395894428152701e-01 1.000000000000000000e+00
4.789833822091886795e-01 1.000000000000000000e+00
4.814271749755620888e-01 1.000000000000000000e+00
4.838709677419354982e-01 1.000000000000000000e+00
4.863147605083089076e-01 1.000000000000000000e+00
4.887585532746823169e-01 1.000000000000000000e+00
4.912023460410557263e-01 1.000000000000000000e+00
4.936461388074291357e-01 1.000000000000000000e+00
4.960899315738025450e-01 1.000000000000000000e+00
4.985337243401759544e-01 1.000000000000000000e+00
5.009775171065493637e-01 1.000000000000000000e+00
5.034213098729227731e-01 1.000000000000000000e+00
5.058651026392961825e-01 1.000000000000000000e+00
5.083088954056695918e-01 1.000000000000000000e+00
5.107526881720430012e-01 1.000000000000000000e+00
5.131964809384164106e-01 1.000000000000000000e+00
5.156402737047898199e-01 1.000000000000000000e+00
5.180840664711632293e-01 1.000000000000000000e+00
5.205278592375366387e-01 1.000000000000000000e+00
5.229716520039100480e-01 1.000000000000000000e+00
5.254154447702834574e-01 1.000000000000000000e+00
5.278592375366568668e-01 1.000000000000000000e+00
5.303030303030302761e-01 1.000000000000000000e+00
5.327468230694036855e-01 1.000000000000000000e+00
5.351906158357770948e-01 1.000000000000000000e+00
5.376344086021505042e-01 1.000000000000000000e+00
5.400782013685239136e-01 1.000000000000000000e+00
5.425219941348973229e-01 1.000000000000000000e+00
5.449657869012707323e-01 1.000000000000000000e+00
5.474095796676441417e-01 1.000000000000000000e+00
5.498533724340175510e-01 1.000000000000000000e+00
5.522971652003909604e-01 1.000000000000000000e+00
5.547409579667643698e-01 1.000000000000000000e+00
5.571847507331377791e-01 1.000000000000000000e+00
5.596285434995111885e-01 1.000000000000000000e+00
5.620723362658845979e-01 1.000000000000000000e+00
5.645161290322581182e-01 1.000000000000000000e+00
5.669599217986315276e-01 1.000000000000000000e+00
5.694037145650049370e-01 1.000000000000000000e+00
5.718475073313783463e-01 1.000000000000000000e+00
5.742913000977517557e-01 1.000000000000000000e+00
5.767350928641251651e-01 1.000000000000000000e+00
5.791788856304985744e-01 1.000000000000000000e+00
5.816226783968719838e-01 1.000000000000000000e+00
5.840664711632453932e-01 1.000000000000000000e+00
5.865102639296188025e-01 1.000000000000000000e+00
5.889540566959922119e-01 1.000000000000000000e+00
5.913978494623656212e-01 1.000000000000000000e+00
5.938416422287390306e-01 1.000000000000000000e+00
5.962854349951124400e-01 1.000000000000000000e+00
5.987292277614858493e-01 1.000000000000000000e+00
6.011730205278592587e-01 1.000000000000000000e+00
6.036168132942326681e-01 1.000000000000000000e+00
6.060606060606060774e-01 1.000000000000000000e+00
6.085043988269794868e-01 1.000000000000000000e+00
6.109481915933528962e-01 1.000000000000000000e+00
6.133919843597263055e-01 1.000000000000000000e+00
6.158357771260997149e-01 1.000000000000000000e+00
6.182795698924731242e-01 1.000000000000000000e+00
6.207233626588465336e-01 1.000000000000000000e+00
6.231671554252199430e-01 1.000000000000000000e+00
6.256109481915933523e-01 1.000000000000000000e+00
6.280547409579667617e-01 1.000000000000000000e+00
6.304985337243401711e-01 1.000000000000000000e+00
6.329423264907135804e-01 1.000000000000000000e+00
6.353861192570869898e-01 1.000000000000000000e+00
6.378299120234603992e-01 1.000000000000000000e+00
6.402737047898338085e-01 1.000000000000000000e+00
6.427174975562072179e-01 1.000000000000000000e+00
6.451612903225806273e-01 1.000000000000000000e+00
6.476050830889540366e-01 1.000000000000000000e+00
6.500488758553274460e-01 1.000000000000000000e+00
6.524926686217008553e-01 1.000000000000000000e+00
6.549364613880742647e-01 1.000000000000000000e+00
6.573802541544476741e-01 1.000000000000000000e+00
6.598240469208210834e-01 1.000000000000000000e+00
6.622678396871944928e-01 1.000000000000000000e+00
6.647116324535679022e-01 1.000000000000000000e+00
6.671554252199413115e-01 1.000000000000000000e+00
6.695992179863147209e-01 1.000000000000000000e+00
6.720430107526881303e-01 1.000000000000000000e+00
6.744868035190615396e-01 1.000000000000000000e+00
6.769305962854349490e-01 1.000000000000000000e+00
6.793743890518083584e-01 1.000000000000000000e+00
6.818181818181817677e-01 1.000000000000000000e+00
6.842619745845551771e-01 1.000000000000000000e+00
6.867057673509285864e-01 1.000000000000000000e+00
6.891495601173021068e-01 1.000000000000000000e+00
6.915933528836755162e-01 1.000000000000000000e+00
6.940371456500489256e-01 1.000000000000000000e+00
6.964809384164223349e-01 1.000000000000000000e+00
6.989247311827957443e-01 1.000000000000000000e+00
7.013685239491691537e-01 1.000000000000000000e+00
7.038123167155425630e-01 1.000000000000000000e+00
7.062561094819159724e-01 1.000000000000000000e+00
7.086999022482893817e-01 1.000000000000000000e+00
7.111436950146627911e-01 1.000000000000000000e+00
7.135874877810362005e-01 1.000000000000000000e+00
7.160312805474096098e-01 1.000000000000000000e+00
7.184750733137830192e-01 1.000000000000000000e+00
7.209188660801564286e-01 1.000000000000000000e+00
7.233626588465298379e-01 1.000000000000000000e+00
7.258064516129032473e-01 1.000000000000000000e+00
7.282502443792766567e-01 1.000000000000000000e+00
7.306940371456500660e-01 1.000000000000000000e+00
7.331378299120234754e-01 1.000000000000000000e+00
7.355816226783968848e-01 1.000000000000000000e+00
7.380254154447702941e-01 1.000000000000000000e+00
7.404692082111437035e-01 1.000000000000000000e+00
7.429130009775171128e-01 1.000000000000000000e+00
7.453567937438905222e-01 1.000000000000000000e+00
7.478005865102639316e-01 1.000000000000000000e+00
7.502443792766373409e-01 1.000000000000000000e+00
7.526881720430107503e-01 1.000000000000000000e+00
7.551319648093841597e-01 1.000000000000000000e+00
7.575757575757575690e-01 1.000000000000000000e+00
7.600195503421309784e-01 1.000000000000000000e+00
7.624633431085043878e-01 1.000000000000000000e+00
7.649071358748777971e-01 1.000000000000000000e+00
7.673509286412512065e-01 1.000000000000000000e+00
7.697947214076246158e-01 1.000000000000000000e+00
7.722385141739980252e-01 1.000000000000000000e+00
7.746823069403714346e-01 1.000000000000000000e+00
7.771260997067448439e-01 1.000000000000000000e+00
7.795698924731182533e-01 1.000000000000000000e+00
7.820136852394916627e-01 1.000000000000000000e+00
7.844574780058650720e-01 1.000000000000000000e+00
7.869012707722384814e-01 1.000000000000000000e+00
7.893450635386118908e-01 1.000000000000000000e+00
7.917888563049853001e-01 1.000000000000000000e+00
7.942326490713587095e-01 1.000000000000000000e+00
7.966764418377321189e-01 1.000000000000000000e+00
7.991202346041055282e-01 1.000000000000000000e+00
8.015640273704789376e-01 1.000000000000000000e+00
8.040078201368523469e-01 1.000000000000000000e+00
8.064516129032257563e-01 1.000000000000000000e+00
8.088954056695991657e-01 1.000000000000000000e+00
8.113391984359725750e-01 1.000000000000000000e+00
8.137829912023460954e-01 1.000000000000000000e+00
8.162267839687195048e-01 1.000000000000000000e+00
8.186705767350929142e-01 1.000000000000000000e+00
8.211143695014663235e-01 1.000000000000000000e+00
8.235581622678397329e-01 1.000000000000000000e+00
8.260019550342131422e-01 1.000000000000000000e+00
8.284457478005865516e-01 1.000000000000000000e+00
8.308895405669599610e-01 1.000000000000000000e+00
8.333333333333333703e-01 1.000000000000000000e+00
8.357771260997067797e-01 1.000000000000000000e+00
8.382209188660801891e-01 1.000000000000000000e+00
8.406647116324535984e-01 1.000000000000000000e+00
8.431085043988270078e-01 1.000000000000000000e+00
8.455522971652004172e-01 1.000000000000000000e+00
8.479960899315738265e-01 1.000000000000000000e+00
8.504398826979472359e-01 1.000000000000000000e+00
8.528836754643206453e-01 1.000000000000000000e+00
8.553274682306940546e-01 1.000000000000000000e+00
8.577712609970674640e-01 1.000000000000000000e+00
8.602150537634408733e-01 1.000000000000000000e+00
8.626588465298142827e-01 1.000000000000000000e+00
8.651026392961876921e-01 1.000000000000000000e+00
8.675464320625611014e-01 1.000000000000000000e+00
8.699902248289345108e-01 1.000000000000000000e+00
8.724340175953079202e-01 1.000000000000000000e+00
8.748778103616813295e-01 1.000000000000000000e+00
8.773216031280547389e-01 1.000000000000000000e+00
8.797653958944281483e-01 1.000000000000000000e+00
8.822091886608015576e-01 1.000000000000000000e+00
8.846529814271749670e-01 1.000000000000000000e+00
8.870967741935483764e-01 1.000000000000000000e+00
8.895405669599217857e-01 1.000000000000000000e+00
8.919843597262951951e-01 1.000000000000000000e+00
8.944281524926686044e-01 1.000000000000000000e+00
8.968719452590420138e-01 1.000000000000000000e+00
8.993157380254154232e-01 1.000000000000000000e+00
9.017595307917888325e-01 1.000000000000000000e+00
9.042033235581622419e-01 1.000000000000000000e+00
9.066471163245356513e-01 1.000000000000000000e+00
9.090909090909090606e-01 1.000000000000000000e+00
9.115347018572824700e-01 1.000000000000000000e+00
9.139784946236558794e-01 1.000000000000000000e+00
9.164222873900292887e-01 1.000000000000000000e+00
9.188660801564026981e-01 1.000000000000000000e+00
9.213098729227761075e-01 1.000000000000000000e+00
9.237536656891495168e-01 1.000000000000000000e+00
9.261974584555229262e-01 1.000000000000000000e+00
9.286412512218963355e-01 1.000000000000000000e+00
9.310850439882697449e-01 1.000000000000000000e+00
9.335288367546431543e-01 1.000000000000000000e+00
9.359726295210165636e-01 1.000000000000000000e+00
9.384164222873900840e-01 1.000000000000000000e+00
9.408602150537634934e-01 1.000000000000000000e+00
9.433040078201369028e-01 1.000000000000000000e+00
9.457478005865103121e-01 1.000000000000000000e+00
9.481915933528837215e-01 1.000000000000000000e+00
9.506353861192571308e-01 1.000000000000000000e+00
9.530791788856305402e-01 1.000000000000000000e+00
9.555229716520039496e-01 1.000000000000000000e+00
9.579667644183773589e-01 1.000000000000000000e+00
9.604105571847507683e-01 1.000000000000000000e+00
9.628543499511241777e-01 1.000000000000000000e+00
9.652981427174975870e-01 1.000000000000000000e+00
9.677419354838709964e-01 1.000000000000000000e+00
9.701857282502444058e-01 1.000000000000000000e+00
9.726295210166178151e-01 1.000000000000000000e+00
9.750733137829912245e-01 1.000000000000000000e+00
9.775171065493646338e-01 1.000000000000000000e+00
9.799608993157380432e-01 1.000000000000000000e+00
9.824046920821114526e-01 1.000000000000000000e+00
9.848484848484848619e-01 1.000000000000000000e+00
9.872922776148582713e-01 1.000000000000000000e+00
9.897360703812316807e-01 1.000000000000000000e+00
9.921798631476050900e-01 1.000000000000000000e+00
9.946236559139784994e-01 1.000000000000000000e+00
9.970674486803519088e-01 1.000000000000000000e+00
9.995112414467253181e-01 1.000000000000000000e+00
1.001955034213098727e+00 1.000000000000000000e+00
1.004398826979472137e+00 1.000000000000000000e+00
1.006842619745845546e+00 1.000000000000000000e+00
1.009286412512218956e+00 1.000000000000000000e+00
1.011730205278592365e+00 1.000000000000000000e+00
1.014173998044965774e+00 1.000000000000000000e+00
1.016617790811339184e+00 1.000000000000000000e+00
1.019061583577712593e+00 1.000000000000000000e+00
1.021505376344086002e+00 1.000000000000000000e+00
1.023949169110459412e+00 1.000000000000000000e+00
1.026392961876832821e+00 1.000000000000000000e+00
1.028836754643206230e+00 1.000000000000000000e+00
1.031280547409579640e+00 1.000000000000000000e+00
1.033724340175953049e+00 1.000000000000000000e+00
1.036168132942326459e+00 1.000000000000000000e+00
1.038611925708699868e+00 1.000000000000000000e+00
1.041055718475073277e+00 1.000000000000000000e+00
1.043499511241446687e+00 1.000000000000000000e+00
1.045943304007820096e+00 1.000000000000000000e+00
1.048387096774193505e+00 1.000000000000000000e+00
1.050830889540566915e+00 1.000000000000000000e+00
1.053274682306940324e+00 1.000000000000000000e+00
1.055718475073313734e+00 1.000000000000000000e+00
1.058162267839687143e+00 1.000000000000000000e+00
1.060606060606060552e+00 1.000000000000000000e+00
1.063049853372433962e+00 1.000000000000000000e+00
1.065493646138807371e+00 1.000000000000000000e+00
1.067937438905180780e+00 1.000000000000000000e+00
1.070381231671554190e+00 1.000000000000000000e+00
1.072825024437927599e+00 1.000000000000000000e+00
1.075268817204301008e+00 1.000000000000000000e+00
1.077712609970674418e+00 1.000000000000000000e+00
1.080156402737047827e+00 1.000000000000000000e+00
1.082600195503421237e+00 1.000000000000000000e+00
1.085043988269794646e+00 1.000000000000000000e+00
1.087487781036168055e+00 1.000000000000000000e+00
1.089931573802541465e+00 1.000000000000000000e+00
1.092375366568914874e+00 1.000000000000000000e+00
1.094819159335288283e+00 1.000000000000000000e+00
1.097262952101661693e+00 1.000000000000000000e+00
1.099706744868035102e+00 1.000000000000000000e+00
1.102150537634408511e+00 1.000000000000000000e+00
1.104594330400781921e+00 1.000000000000000000e+00
1.107038123167155330e+00 1.000000000000000000e+00
1.109481915933528740e+00 1.000000000000000000e+00
1.111925708699902149e+00 1.000000000000000000e+00
1.114369501466275558e+00 1.000000000000000000e+00
1.116813294232648968e+00 1.000000000000000000e+00
1.119257086999022377e+00 1.000000000000000000e+00
1.121700879765395786e+00 1.000000000000000000e+00
1.124144672531769196e+00 1.000000000000000000e+00
1.126588465298142827e+00 1.000000000000000000e+00
1.129032258064516236e+00 1.000000000000000000e+00
1.131476050830889646e+00 1.000000000000000000e+00
1.133919843597263055e+00 1.000000000000000000e+00
1.136363636363636465e+00 1.000000000000000000e+00
1.138807429130009874e+00 1.000000000000000000e+00
1.141251221896383283e+00 1.000000000000000000e+00
1.143695014662756693e+00 1.000000000000000000e+00
1.146138807429130102e+00 1.000000000000000000e+00
1.148582600195503511e+00 1.000000000000000000e+00
1.151026392961876921e+00 1.000000000000000000e+00
1.153470185728250330e+00 1.000000000000000000e+00
1.155913978494623739e+00 1.000000000000000000e+00
1.158357771260997149e+00 1.000000000000000000e+00
1.160801564027370558e+00 1.000000000000000000e+00
1.163245356793743968e+00 1.000000000000000000e+00
1.165689149560117377e+00 1.000000000000000000e+00
1.168132942326490786e+00 1.000000000000000000e+00
1.170576735092864196e+00 1.000000000000000000e+00
1.173020527859237605e+00 1.000000000000000000e+00
1.175464320625611014e+00 1.000000000000000000e+00
1.177908113391984424e+00 1.000000000000000000e+00
1.180351906158357833e+00 1.000000000000000000e+00
1.182795698924731242e+00 1.000000000000000000e+00
1.185239491691104652e+00 1.000000000000000000e+00
1.187683284457478061e+00 1.000000000000000000e+00
1.190127077223851471e+00 1.000000000000000000e+00
1.192570869990224880e+00 1.000000000000000000e+00
1.195014662756598289e+00 1.000000000000000000e+00
1.197458455522971699e+00 1.000000000000000000e+00
1.199902248289345108e+00 1.000000000000000000e+00
1.202346041055718517e+00 1.000000000000000000e+00
1.204789833822091927e+00 1.000000000000000000e+00
1.207233626588465336e+00 1.000000000000000000e+00
1.209677419354838745e+00 1.000000000000000000e+00
1.212121212121212155e+00 1.000000000000000000e+00
1.214565004887585564e+00 1.000000000000000000e+00
1.217008797653958974e+00 1.000000000000000000e+00
1.219452590420332383e+00 1.000000000000000000e+00
1.221896383186705792e+00 1.000000000000000000e+00
1.224340175953079202e+00 1.000000000000000000e+00
1.226783968719452611e+00 1.000000000000000000e+00
1.229227761485826020e+00 1.000000000000000000e+00
1.231671554252199430e+00 1.000000000000000000e+00
1.234115347018572839e+00 1.000000000000000000e+00
1.236559139784946248e+00 1.000000000000000000e+00
1.239002932551319658e+00 1.000000000000000000e+00
1.241446725317693067e+00 1.000000000000000000e+00
1.243890518084066477e+00 1.000000000000000000e+00
1.246334310850439886e+00 1.000000000000000000e+00
1.248778103616813295e+00 1.000000000000000000e+00
1.251221896383186705e+00 1.000000000000000000e+00
1.253665689149560114e+00 1.000000000000000000e+00
1.256109481915933523e+00 1.000000000000000000e+00
1.258553274682306933e+00 1.000000000000000000e+00
1.260997067448680342e+00 1.000000000000000000e+00
1.263440860215053752e+00 1.000000000000000000e+00
1.265884652981427161e+00 1.000000000000000000e+00
1.268328445747800570e+00 1.000000000000000000e+00
1.270772238514173980e+00 1.000000000000000000e+00
1.273216031280547389e+00 1.000000000000000000e+00
1.275659824046920798e+00 1.000000000000000000e+00
1.278103616813294208e+00 1.000000000000000000e+00
1.280547409579667617e+00 1.000000000000000000e+00
1.282991202346041026e+00 1.000000000000000000e+00
1.285434995112414436e+00 1.000000000000000000e+00
1.287878787878787845e+00 1.000000000000000000e+00
1.290322580645161255e+00 1.000000000000000000e+00
1.292766373411534664e+00 1.000000000000000000e+00
1.295210166177908073e+00 1.000000000000000000e+00
1.297653958944281483e+00 1.000000000000000000e+00
1.300097751710654892e+00 1.000000000000000000e+00
1.302541544477028301e+00 1.000000000000000000e+00
1.304985337243401711e+00 1.000000000000000000e+00
1.307429130009775120e+00 1.000000000000000000e+00
1.309872922776148529e+00 1.000000000000000000e+00
1.312316715542521939e+00 1.000000000000000000e+00
1.314760508308895348e+00 1.000000000000000000e+00
1.317204301075268758e+00 1.000000000000000000e+00
1.319648093841642167e+00 1.000000000000000000e+00
1.322091886608015576e+00 1.000000000000000000e+00
1.324535679374388986e+00 1.000000000000000000e+00
1.326979472140762395e+00 1.000000000000000000e+00
1.329423264907135804e+00 1.000000000000000000e+00
1.331867057673509214e+00 1.000000000000000000e+00
1.334310850439882623e+00 1.000000000000000000e+00
1.336754643206256032e+00 1.000000000000000000e+00
1.339198435972629442e+00 1.000000000000000000e+00
1.341642228739002851e+00 1.000000000000000000e+00
1.344086021505376261e+00 1.000000000000000000e+00
1.346529814271749670e+00 1.000000000000000000e+00
1.348973607038123079e+00 1.000000000000000000e+00
1.351417399804496489e+00 1.000000000000000000e+00
1.353861192570869898e+00 1.000000000000000000e+00
1.356304985337243307e+00 1.000000000000000000e+00
1.358748778103616717e+00 1.000000000000000000e+00
1.361192570869990126e+00 1.000000000000000000e+00
1.363636363636363535e+00 1.000000000000000000e+00
1.366080156402736945e+00 1.000000000000000000e+00
1.368523949169110354e+00 1.000000000000000000e+00
1.370967741935483764e+00 1.000000000000000000e+00
1.373411534701857173e+00 1.000000000000000000e+00
1.375855327468230804e+00 1.000000000000000000e+00
1.378299120234604214e+00 1.000000000000000000e+00
1.380742913000977623e+00 1.000000000000000000e+00
1.383186705767351032e+00 1.000000000000000000e+00
1.385630498533724442e+00 1.000000000000000000e+00
1.388074291300097851e+00 1.000000000000000000e+00
1.390518084066471260e+00 1.000000000000000000e+00
1.392961876832844670e+00 1.000000000000000000e+00
1.395405669599218079e+00 1.000000000000000000e+00
1.397849462365591489e+00 1.000000000000000000e+00
1.400293255131964898e+00 1.000000000000000000e+00
1.402737047898338307e+00 1.000000000000000000e+00
1.405180840664711717e+00 1.000000000000000000e+00
1.407624633431085126e+00 1.000000000000000000e+00
1.410068426197458535e+00 1.000000000000000000e+00
1.412512218963831945e+00 1.000000000000000000e+00
1.414956011730205354e+00 1.000000000000000000e+00
1.417399804496578763e+00 1.000000000000000000e+00
1.419843597262952173e+00 1.000000000000000000e+00
1.422287390029325582e+00 1.000000000000000000e+00
1.424731182795698992e+00 1.000000000000000000e+00
1.427174975562072401e+00 1.000000000000000000e+00
1.429618768328445810e+00 1.000000000000000000e+00
1.432062561094819220e+00 1.000000000000000000e+00
1.434506353861192629e+00 1.000000000000000000e+00
1.436950146627566038e+00 1.000000000000000000e+00
1.439393939393939448e+00 1.000000000000000000e+00
1.441837732160312857e+00 1.000000000000000000e+00
1.444281524926686266e+00 1.000000000000000000e+00
1.446725317693059676e+00 1.000000000000000000e+00
1.449169110459433085e+00 1.000000000000000000e+00
1.451612903225806495e+00 1.000000000000000000e+00
1.454056695992179904e+00 1.000000000000000000e+00
1.456500488758553313e+00 1.000000000000000000e+00
1.458944281524926723e+00 1.000000000000000000e+00
1.461388074291300132e+00 1.000000000000000000e+00
1.463831867057673541e+00 1.000000000000000000e+00
1.466275659824046951e+00 1.000000000000000000e+00
1.468719452590420360e+00 1.000000000000000000e+00
1.471163245356793770e+00 1.000000000000000000e+00
1.473607038123167179e+00 1.000000000000000000e+00
1.476050830889540588e+00 1.000000000000000000e+00
1.478494623655913998e+00 1.000000000000000000e+00
1.480938416422287407e+00 1.000000000000000000e+00
1.483382209188660816e+00 1.000000000000000000e+00
1.485826001955034226e+00 1.000000000000000000e+00
1.488269794721407635e+00 1.000000000000000000e+00
1.490713587487781044e+00 1.000000000000000000e+00
1.493157380254154454e+00 1.000000000000000000e+00
1.495601173020527863e+00 1.000000000000000000e+00
1.498044965786901273e+00 1.000000000000000000e+00
1.500488758553274682e+00 1.000000000000000000e+00
1.502932551319648091e+00 1.000000000000000000e+00
1.505376344086021501e+00 1.000000000000000000e+00
1.507820136852394910e+00 1.000000000000000000e+00
1.510263929618768319e+00 1.000000000000000000e+00
1.512707722385141729e+00 1.000000000000000000e+00
1.515151515151515138e+00 1.000000000000000000e+00
1.517595307917888547e+00 1.000000000000000000e+00
1.520039100684261957e+00 1.000000000000000000e+00
1.522482893450635366e+00 1.000000000000000000e+00
1.524926686217008776e+00 1.000000000000000000e+00
1.527370478983382185e+00 1.000000000000000000e+00
1.529814271749755594e+00 1.000000000000000000e+00
1.532258064516129004e+00 1.000000000000000000e+00
1.534701857282502413e+00 1.000000000000000000e+00
1.537145650048875822e+00 1.000000000000000000e+00
1.539589442815249232e+00 1.000000000000000000e+00
1.542033235581622641e+00 1.000000000000000000e+00
1.544477028347996050e+00 1.000000000000000000e+00
1.546920821114369460e+00 1.000000000000000000e+00
1.549364613880742869e+00 1.000000000000000000e+00
1.551808406647116279e+00 1.000000000000000000e+00
1.554252199413489688e+00 1.000000000000000000e+00
1.556695992179863097e+00 1.000000000000000000e+00
1.559139784946236507e+00 1.000000000000000000e+00
1.561583577712609916e+00 1.000000000000000000e+00
1.564027370478983325e+00 1.000000000000000000e+00
1.566471163245356735e+00 1.000000000000000000e+00
1.568914956011730144e+00 1.000000000000000000e+00
1.571358748778103553e+00 1.000000000000000000e+00
1.573802541544476963e+00 1.000000000000000000e+00
1.576246334310850372e+00 1.000000000000000000e+00
1.578690127077223782e+00 1.000000000000000000e+00
1.581133919843597191e+00 1.000000000000000000e+00
1.583577712609970600e+00 1.000000000000000000e+00
1.586021505376344010e+00 1.000000000000000000e+00
1.588465298142717419e+00 1.000000000000000000e+00
1.590909090909090828e+00 1.000000000000000000e+00
1.593352883675464238e+00 1.000000000000000000e+00
1.595796676441837647e+00 1.000000000000000000e+00
1.598240469208211056e+00 1.000000000000000000e+00
1.600684261974584466e+00 1.000000000000000000e+00
1.603128054740957875e+00 1.000000000000000000e+00
1.605571847507331285e+00 1.000000000000000000e+00
1.608015640273704694e+00 1.000000000000000000e+00
1.610459433040078103e+00 1.000000000000000000e+00
1.612903225806451513e+00 1.000000000000000000e+00
1.615347018572824922e+00 1.000000000000000000e+00
1.617790811339198331e+00 1.000000000000000000e+00
1.620234604105571741e+00 1.000000000000000000e+00
1.622678396871945150e+00 1.000000000000000000e+00
1.625122189638318781e+00 1.000000000000000000e+00
1.627565982404692191e+00 1.000000000000000000e+00
1.630009775171065600e+00 1.000000000000000000e+00
1.632453567937439010e+00 1.000000000000000000e+00
1.634897360703812419e+00 1.000000000000000000e+00
1.637341153470185828e+00 1.000000000000000000e+00
1.639784946236559238e+00 1.000000000000000000e+00
1.642228739002932647e+00 1.000000000000000000e+00
1.644672531769306056e+00 1.000000000000000000e+00
1.647116324535679466e+00 1.000000000000000000e+00
1.649560117302052875e+00 1.000000000000000000e+00
1.652003910068426284e+00 1.000000000000000000e+00
1.654447702834799694e+00 1.000000000000000000e+00
1.656891495601173103e+00 1.000000000000000000e+00
1.659335288367546513e+00 1.000000000000000000e+00
1.661779081133919922e+00 1.000000000000000000e+00
1.664222873900293331e+00 1.000000000000000000e+00
1.666666666666666741e+00 1.000000000000000000e+00
1.669110459433040150e+00 1.000000000000000000e+00
1.671554252199413559e+00 1.000000000000000000e+00
1.673998044965786969e+00 1.000000000000000000e+00
1.676441837732160378e+00 1.000000000000000000e+00
1.678885630498533788e+00 1.000000000000000000e+00
1.681329423264907197e+00 1.000000000000000000e+00
1.683773216031280606e+00 1.000000000000000000e+00
1.686217008797654016e+00 1.000000000000000000e+00
1.688660801564027425e+00 1.000000000000000000e+00
1.691104594330400834e+00 1.000000000000000000e+00
1.693548387096774244e+00 1.000000000000000000e+00
1.695992179863147653e+00 1.000000000000000000e+00
1.698435972629521062e+00 1.000000000000000000e+00
1.700879765395894472e+00 1.000000000000000000e+00
1.703323558162267881e+00 1.000000000000000000e+00
1.705767350928641291e+00 1.000000000000000000e+00
1.708211143695014700e+00 1.000000000000000000e+00
1.710654936461388109e+00 1.000000000000000000e+00
1.713098729227761519e+00 1.000000000000000000e+00
1.715542521994134928e+00 1.000000000000000000e+00
1.717986314760508337e+00 1.000000000000000000e+00
1.720430107526881747e+00 1.000000000000000000e+00
1.722873900293255156e+00 1.000000000000000000e+00
1.725317693059628565e+00 1.000000000000000000e+00
1.727761485826001975e+00 1.000000000000000000e+00
1.730205278592375384e+00 1.000000000000000000e+00
1.732649071358748794e+00 1.000000000000000000e+00
1.735092864125122203e+00 1.000000000000000000e+00
1.737536656891495612e+00 1.000000000000000000e+00
1.739980449657869022e+00 1.000000000000000000e+00
1.742424242424242431e+00 1.000000000000000000e+00
1.744868035190615840e+00 1.000000000000000000e+00
1.747311827956989250e+00 1.000000000000000000e+00
1.749755620723362659e+00 1.000000000000000000e+00
1.752199413489736068e+00 1.000000000000000000e+00
1.754643206256109478e+00 1.000000000000000000e+00
1.757086999022482887e+00 1.000000000000000000e+00
1.759530791788856297e+00 1.000000000000000000e+00
1.761974584555229706e+00 1.000000000000000000e+00
1.764418377321603115e+00 1.000000000000000000e+00
1.766862170087976525e+00 1.000000000000000000e+00
1.769305962854349934e+00 1.000000000000000000e+00
1.771749755620723343e+00 1.000000000000000000e+00
1.774193548387096753e+00 1.000000000000000000e+00
1.776637341153470162e+00 1.000000000000000000e+00
1.779081133919843571e+00 1.000000000000000000e+00
1.781524926686216981e+00 1.000000000000000000e+00
1.783968719452590390e+00 1.000000000000000000e+00
1.786412512218963800e+00 1.000000000000000000e+00
1.788856304985337209e+00 1.000000000000000000e+00
1.791300097751710618e+00 1.000000000000000000e+00
1.793743890518084028e+00 1.000000000000000000e+00
1.796187683284457437e+00 1.000000000000000000e+00
1.798631476050830846e+00 1.000000000000000000e+00
1.801075268817204256e+00 1.000000000000000000e+00
1.803519061583577665e+00 1.000000000000000000e+00
1.805962854349951074e+00 1.000000000000000000e+00
1.808406647116324484e+00 1.000000000000000000e+00
1.810850439882697893e+00 1.000000000000000000e+00
1.813294232649071303e+00 1.000000000000000000e+00
1.815738025415444712e+00 1.000000000000000000e+00
1.818181818181818121e+00 1.000000000000000000e+00
1.820625610948191531e+00 1.000000000000000000e+00
1.823069403714564940e+00 1.000000000000000000e+00
1.825513196480938349e+00 1.000000000000000000e+00
1.827956989247311759e+00 1.000000000000000000e+00
1.830400782013685168e+00 1.000000000000000000e+00
1.832844574780058577e+00 1.000000000000000000e+00
1.835288367546431987e+00 1.000000000000000000e+00
1.837732160312805396e+00 1.000000000000000000e+00
1.840175953079178806e+00 1.000000000000000000e+00
1.842619745845552215e+00 1.000000000000000000e+00
1.845063538611925624e+00 1.000000000000000000e+00
1.847507331378299034e+00 1.000000000000000000e+00
1.849951124144672443e+00 1.000000000000000000e+00
1.852394916911045852e+00 1.000000000000000000e+00
1.854838709677419262e+00 1.000000000000000000e+00
1.857282502443792671e+00 1.000000000000000000e+00
1.859726295210166080e+00 1.000000000000000000e+00
1.862170087976539490e+00 1.000000000000000000e+00
1.864613880742912899e+00 1.000000000000000000e+00
1.867057673509286309e+00 1.000000000000000000e+00
1.869501466275659718e+00 1.000000000000000000e+00
1.871945259042033127e+00 1.000000000000000000e+00
1.874389051808406537e+00 1.000000000000000000e+00
1.876832844574780168e+00 1.000000000000000000e+00
1.879276637341153577e+00 1.000000000000000000e+00
1.881720430107526987e+00 1.000000000000000000e+00
1.884164222873900396e+00 1.000000000000000000e+00
1.886608015640273806e+00 1.000000000000000000e+00
1.889051808406647215e+00 1.000000000000000000e+00
1.891495601173020624e+00 1.000000000000000000e+00
1.893939393939394034e+00 1.000000000000000000e+00
1.896383186705767443e+00 1.000000000000000000e+00
1.898826979472140852e+00 1.000000000000000000e+00
1.901270772238514262e+00 1.000000000000000000e+00
1.903714565004887671e+00 1.000000000000000000e+00
1.906158357771261080e+00 1.000000000000000000e+00
1.908602150537634490e+00 1.000000000000000000e+00
1.911045943304007899e+00 1.000000000000000000e+00
1.913489736070381309e+00 1.000000000000000000e+00
1.915933528836754718e+00 1.000000000000000000e+00
1.918377321603128127e+00 1.000000000000000000e+00
1.920821114369501537e+00 1.000000000000000000e+00
1.923264907135874946e+00 1.000000000000000000e+00
1.925708699902248355e+00 1.000000000000000000e+00
1.928152492668621765e+00 1.000000000000000000e+00
1.930596285434995174e+00 1.000000000000000000e+00
1.933040078201368583e+00 1.000000000000000000e+00
1.935483870967741993e+00 1.000000000000000000e+00
1.937927663734115402e+00 1.000000000000000000e+00
1.940371456500488812e+00 1.000000000000000000e+00
1.942815249266862221e+00 1.000000000000000000e+00
1.945259042033235630e+00 1.000000000000000000e+00
1.947702834799609040e+00 1.000000000000000000e+00
1.950146627565982449e+00 1.000000000000000000e+00
1.952590420332355858e+00 1.000000000000000000e+00
1.955034213098729268e+00 1.000000000000000000e+00
1.957478005865102677e+00 1.000000000000000000e+00
1.959921798631476086e+00 1.000000000000000000e+00
1.962365591397849496e+00 1.000000000000000000e+00
1.964809384164222905e+00 1.000000000000000000e+00
1.967253176930596315e+00 1.000000000000000000e+00
1.969696969696969724e+00 1.000000000000000000e+00
1.972140762463343133e+00 1.000000000000000000e+00
1.974584555229716543e+00 1.000000000000000000e+00
1.977028347996089952e+00 1.000000000000000000e+00
1.979472140762463361e+00 1.000000000000000000e+00
1.981915933528836771e+00 1.000000000000000000e+00
1.984359726295210180e+00 1.000000000000000000e+00
1.986803519061583589e+00 1.000000000000000000e+00
1.989247311827956999e+00 1.000000000000000000e+00
1.991691104594330408e+00 1.000000000000000000e+00
1.994134897360703818e+00 1.000000000000000000e+00
1.996578690127077227e+00 1.000000000000000000e+00
1.999022482893450636e+00 1.000000000000000000e+00
2.001466275659824046e+00 1.000000000000000000e+00
2.003910068426197455e+00 1.000000000000000000e+00
2.006353861192570864e+00 1.000000000000000000e+00
2.008797653958944274e+00 1.000000000000000000e+00
2.011241446725317683e+00 1.000000000000000000e+00
2.013685239491691092e+00 1.000000000000000000e+00
2.016129032258064502e+00 1.000000000000000000e+00
2.018572825024437911e+00 1.000000000000000000e+00
2.021016617790811321e+00 1.000000000000000000e+00
2.023460410557184730e+00 1.000000000000000000e+00
2.025904203323558139e+00 1.000000000000000000e+00
2.028347996089931549e+00 1.000000000000000000e+00
2.030791788856304958e+00 1.000000000000000000e+00
2.033235581622678367e+00 1.000000000000000000e+00
2.035679374389051777e+00 1.000000000000000000e+00
2.038123167155425186e+00 1.000000000000000000e+00
2.040566959921798595e+00 1.000000000000000000e+00
2.043010752688172005e+00 1.000000000000000000e+00
2.045454545454545414e+00 1.000000000000000000e+00
2.047898338220918824e+00 1.000000000000000000e+00
2.050342130987292233e+00 1.000000000000000000e+00
2.052785923753665642e+00 1.000000000000000000e+00
2.055229716520039052e+00 1.000000000000000000e+00
2.057673509286412461e+00 1.000000000000000000e+00
2.060117302052785870e+00 1.000000000000000000e+00
2.062561094819159280e+00 1.000000000000000000e+00
2.065004887585532689e+00 1.000000000000000000e+00
2.067448680351906098e+00 1.000000000000000000e+00
2.069892473118279508e+00 1.000000000000000000e+00
2.072336265884652917e+00 1.000000000000000000e+00
2.074780058651026327e+00 1.000000000000000000e+00
2.077223851417399736e+00 1.000000000000000000e+00
2.079667644183773145e+00 1.000000000000000000e+00
2.082111436950146555e+00 1.000000000000000000e+00
2.084555229716519964e+00 1.000000000000000000e+00
2.086999022482893373e+00 1.000000000000000000e+00
2.089442815249266783e+00 1.000000000000000000e+00
2.091886608015640192e+00 1.000000000000000000e+00
2.094330400782013601e+00 1.000000000000000000e+00
2.096774193548387011e+00 1.000000000000000000e+00
2.099217986314760420e+00 1.000000000000000000e+00
2.101661779081133830e+00 1.000000000000000000e+00
2.104105571847507239e+00 1.000000000000000000e+00
2.106549364613880648e+00 1.000000000000000000e+00
2.108993157380254058e+00 1.000000000000000000e+00
2.111436950146627467e+00 1.000000000000000000e+00
2.113880742913000876e+00 1.000000000000000000e+00
2.116324535679374286e+00 1.000000000000000000e+00
2.118768328445747695e+00 1.000000000000000000e+00
2.121212121212121104e+00 1.000000000000000000e+00
2.123655913978494514e+00 1.000000000000000000e+00
2.126099706744867923e+00 1.000000000000000000e+00
2.128543499511241333e+00 1.000000000000000000e+00
2.130987292277614742e+00 1.000000000000000000e+00
2.133431085043988151e+00 1.000000000000000000e+00
2.135874877810361561e+00 1.000000000000000000e+00
2.138318670576734970e+00 1.000000000000000000e+00
2.140762463343108379e+00 1.000000000000000000e+00
2.143206256109481789e+00 1.000000000000000000e+00
2.145650048875855198e+00 1.000000000000000000e+00
2.148093841642228607e+00 1.000000000000000000e+00
2.150537634408602017e+00 1.000000000000000000e+00
2.152981427174975426e+00 1.000000000000000000e+00
2.155425219941348836e+00 1.000000000000000000e+00
2.157869012707722245e+00 1.000000000000000000e+00
2.160312805474095654e+00 1.000000000000000000e+00
2.162756598240469064e+00 1.000000000000000000e+00
2.165200391006842473e+00 1.000000000000000000e+00
2.167644183773215882e+00 1.000000000000000000e+00
2.170087976539589292e+00 1.000000000000000000e+00
2.172531769305962701e+00 1.000000000000000000e+00
2.174975562072336110e+00 1.000000000000000000e+00
2.177419354838709520e+00 1.000000000000000000e+00
2.179863147605082929e+00 1.000000000000000000e+00
2.182306940371456339e+00 1.000000000000000000e+00
2.184750733137829748e+00 1.000000000000000000e+00
2.187194525904203157e+00 1.000000000000000000e+00
2.189638318670576567e+00 1.000000000000000000e+00
2.192082111436949976e+00 1.000000000000000000e+00
2.194525904203323385e+00 1.000000000000000000e+00
2.196969696969696795e+00 1.000000000000000000e+00
2.199413489736070204e+00 1.000000000000000000e+00
2.201857282502443613e+00 1.000000000000000000e+00
2.204301075268817023e+00 1.000000000000000000e+00
2.206744868035190432e+00 1.000000000000000000e+00
2.209188660801563842e+00 1.000000000000000000e+00
2.211632453567937251e+00 1.000000000000000000e+00
2.214076246334310660e+00 1.000000000000000000e+00
2.216520039100684070e+00 1.000000000000000000e+00
2.218963831867057479e+00 1.000000000000000000e+00
2.221407624633430888e+00 1.000000000000000000e+00
2.223851417399804298e+00 1.000000000000000000e+00
2.226295210166177707e+00 1.000000000000000000e+00
2.228739002932551116e+00 1.000000000000000000e+00
2.231182795698924526e+00 1.000000000000000000e+00
2.233626588465297935e+00 1.000000000000000000e+00
2.236070381231671345e+00 1.000000000000000000e+00
2.238514173998044754e+00 1.000000000000000000e+00
2.240957966764418163e+00 1.000000000000000000e+00
2.243401759530791573e+00 1.000000000000000000e+00
2.245845552297164982e+00 1.000000000000000000e+00
2.248289345063538391e+00 1.000000000000000000e+00
2.250733137829912245e+00 1.000000000000000000e+00
2.253176930596285654e+00 1.000000000000000000e+00
2.255620723362659064e+00 1.000000000000000000e+00
2.258064516129032473e+00 1.000000000000000000e+00
2.260508308895405882e+00 1.000000000000000000e+00
2.262952101661779292e+00 1.000000000000000000e+00
2.265395894428152701e+00 1.000000000000000000e+00
2.267839687194526110e+00 1.000000000000000000e+00
2.270283479960899520e+00 1.000000000000000000e+00
2.272727272727272929e+00 1.000000000000000000e+00
2.275171065493646338e+00 1.000000000000000000e+00
2.277614858260019748e+00 1.000000000000000000e+00
2.280058651026393157e+00 1.000000000000000000e+00
2.282502443792766567e+00 1.000000000000000000e+00
2.284946236559139976e+00 1.000000000000000000e+00
2.287390029325513385e+00 1.000000000000000000e+00
2.289833822091886795e+00 1.000000000000000000e+00
2.292277614858260204e+00 1.000000000000000000e+00
2.294721407624633613e+00 1.000000000000000000e+00
2.297165200391007023e+00 1.000000000000000000e+00
2.299608993157380432e+00 1.000000000000000000e+00
2.302052785923753842e+00 1.000000000000000000e+00
2.304496578690127251e+00 1.000000000000000000e+00
2.306940371456500660e+00 1.000000000000000000e+00
2.309384164222874070e+00 1.000000000000000000e+00
2.311827956989247479e+00 1.000000000000000000e+00
2.314271749755620888e+00 1.000000000000000000e+00
2.316715542521994298e+00 1.000000000000000000e+00
2.319159335288367707e+00 1.000000000000000000e+00
2.321603128054741116e+00 1.000000000000000000e+00
2.324046920821114526e+00 1.000000000000000000e+00
2.326490713587487935e+00 1.000000000000000000e+00
2.328934506353861345e+00 1.000000000000000000e+00
2.331378299120234754e+00 1.000000000000000000e+00
2.333822091886608163e+00 1.000000000000000000e+00
2.336265884652981573e+00 1.000000000000000000e+00
2.338709677419354982e+00 1.000000000000000000e+00
2.341153470185728391e+00 1.000000000000000000e+00
2.343597262952101801e+00 1.000000000000000000e+00
2.346041055718475210e+00 1.000000000000000000e+00
2.348484848484848619e+00 1.000000000000000000e+00
2.350928641251222029e+00 1.000000000000000000e+00
2.353372434017595438e+00 1.000000000000000000e+00
2.355816226783968848e+00 1.000000000000000000e+00
2.358260019550342257e+00 1.000000000000000000e+00
2.360703812316715666e+00 1.000000000000000000e+00
2.363147605083089076e+00 1.000000000000000000e+00
2.365591397849462485e+00 1.000000000000000000e+00
2.368035190615835894e+00 1.000000000000000000e+00
2.370478983382209304e+00 1.000000000000000000e+00
2.372922776148582713e+00 1.000000000000000000e+00
2.375366568914956122e+00 1.000000000000000000e+00
2.377810361681329532e+00 1.000000000000000000e+00
2.380254154447702941e+00 1.000000000000000000e+00
2.382697947214076351e+00 1.000000000000000000e+00
2.385141739980449760e+00 1.000000000000000000e+00
2.387585532746823169e+00 1.000000000000000000e+00
2.390029325513196579e+00 1.000000000000000000e+00
2.392473118279569988e+00 1.000000000000000000e+00
2.394916911045943397e+00 1.000000000000000000e+00
2.397360703812316807e+00 1.000000000000000000e+00
2.399804496578690216e+00 1.000000000000000000e+00
2.402248289345063625e+00 1.000000000000000000e+00
2.404692082111437035e+00 1.000000000000000000e+00
2.407135874877810444e+00 1.000000000000000000e+00
2.409579667644183854e+00 1.000000000000000000e+00
2.412023460410557263e+00 1.000000000000000000e+00
2.414467253176930672e+00 1.000000000000000000e+00
2.416911045943304082e+00 1.000000000000000000e+00
2.419354838709677491e+00 1.000000000000000000e+00
2.421798631476050900e+00 1.000000000000000000e+00
2.424242424242424310e+00 1.000000000000000000e+00
2.426686217008797719e+00 1.000000000000000000e+00
2.429130009775171128e+00 1.000000000000000000e+00
2.431573802541544538e+00 1.000000000000000000e+00
2.434017595307917947e+00 1.000000000000000000e+00
2.436461388074291357e+00 1.000000000000000000e+00
2.438905180840664766e+00 1.000000000000000000e+00
2.441348973607038175e+00 1.000000000000000000e+00
2.443792766373411585e+00 1.000000000000000000e+00
2.446236559139784994e+00 1.000000000000000000e+00
2.448680351906158403e+00 1.000000000000000000e+00
2.451124144672531813e+00 1.000000000000000000e+00
2.453567937438905222e+00 1.000000000000000000e+00
2.456011730205278631e+00 1.000000000000000000e+00
2.458455522971652041e+00 1.000000000000000000e+00
2.460899315738025450e+00 1.000000000000000000e+00
2.463343108504398860e+00 1.000000000000000000e+00
2.465786901270772269e+00 1.000000000000000000e+00
2.468230694037145678e+00 1.000000000000000000e+00
2.470674486803519088e+00 1.000000000000000000e+00
2.473118279569892497e+00 1.000000000000000000e+00
2.475562072336265906e+00 1.000000000000000000e+00
2.478005865102639316e+00 1.000000000000000000e+00
2.480449657869012725e+00 1.000000000000000000e+00
2.482893450635386134e+00 1.000000000000000000e+00
2.485337243401759544e+00 1.000000000000000000e+00
2.487781036168132953e+00 1.000000000000000000e+00
2.490224828934506363e+00 1.000000000000000000e+00
2.492668621700879772e+00 1.000000000000000000e+00
2.495112414467253181e+00 1.000000000000000000e+00
2.497556207233626591e+00 1.000000000000000000e+00
2.500000000000000000e+00 1.000000000000000000e+00
