0.000000000000000000e+00 9.499999999999999556e-01
2.443792766373411533e-03 9.512247215067898276e-01
4.887585532746823065e-03 9.524514862393451686e-01
7.331378299120235031e-03 9.536802886728655837e-01
9.775171065493646130e-03 9.549111231902667196e-01
1.221896383186705723e-02 9.561439840150464109e-01
1.466275659824047006e-02 9.573788656526918128e-01
1.710654936461387943e-02 9.586157624506409514e-01
1.955034213098729226e-02 9.598546686563395047e-01
2.199413489736070509e-02 9.610955788208633832e-01
2.443792766373411446e-02 9.623384871241751348e-01
2.688172043010752729e-02 9.635833880229263126e-01
2.932551319648094013e-02 9.648302759080599200e-01
3.176930596285434949e-02 9.660791450130357116e-01
3.421309872922775885e-02 9.673299898871895453e-01
3.665689149560117516e-02 9.685828046618297771e-01
3.910068426197458452e-02 9.698375835999041294e-01
4.154447702834799389e-02 9.710943184133861150e-01
4.398826979472141019e-02 9.723530065782652887e-01
4.643206256109481955e-02 9.736136422876404684e-01
4.887585532746822892e-02 9.748762201335493538e-01
5.131964809384164522e-02 9.761407342323499270e-01
5.376344086021505458e-02 9.774071791676733900e-01
5.620723362658846395e-02 9.786755490984825334e-01
5.865102639296188025e-02 9.799458385276526018e-01
6.109481915933528962e-02 9.812180417658469267e-01
6.353861192570869898e-02 9.824921531011985287e-01
6.598240469208210834e-02 9.837681670705651360e-01
6.842619745845551771e-02 9.850460778367234882e-01
7.086999022482894095e-02 9.863258799377591091e-01
7.331378299120235031e-02 9.876075677040688783e-01
7.575757575757575968e-02 9.888911353902545276e-01
7.820136852394916904e-02 9.901765775658807334e-01
8.064516129032257841e-02 9.914638885167335047e-01
8.308895405669598777e-02 9.927530625413264476e-01
8.553274682306939714e-02 9.940440941983345047e-01
8.797653958944282038e-02 9.953369778104045329e-01
9.042033235581622974e-02 9.966317076765337513e-01
9.286412512218963911e-02 9.979282783060199336e-01
9.530791788856304847e-02 9.992266841226692398e-01
9.775171065493645783e-02 1.000526919456130370e+00
1.001955034213098672e-01 1.001828978671389647e+00
1.026392961876832904e-01 1.003132856297816344e+00
1.050830889540566998e-01 1.004438546742034921e+00
1.075268817204301092e-01 1.005746044378722948e+00
1.099706744868035185e-01 1.007055343598268093e+00
1.124144672531769279e-01 1.008366438862860148e+00
1.148582600195503373e-01 1.009679324671254319e+00
1.173020527859237605e-01 1.010993995434352755e+00
1.197458455522971699e-01 1.012310445574310824e+00
1.221896383186705792e-01 1.013628669525007187e+00
1.246334310850439886e-01 1.014948661731484680e+00
1.270772238514173980e-01 1.016270416693122236e+00
1.295210166177908073e-01 1.017593928896089572e+00
1.319648093841642167e-01 1.018919192799205398e+00
1.344086021505376261e-01 1.020246202870611185e+00
1.368523949169110354e-01 1.021574953587243373e+00
1.392961876832844448e-01 1.022905439434359964e+00
1.417399804496578819e-01 1.024237654905125749e+00
1.441837732160312913e-01 1.025571594500251704e+00
1.466275659824047006e-01 1.026907252727687236e+00
1.490713587487781100e-01 1.028244624102376825e+00
1.515151515151515194e-01 1.029583703151380147e+00
1.539589442815249287e-01 1.030924484404068808e+00
1.564027370478983381e-01 1.032266962391080956e+00
1.588465298142717474e-01 1.033611131650408188e+00
1.612903225806451568e-01 1.034956986727345596e+00
1.637341153470185662e-01 1.036304522174482434e+00
1.661779081133919755e-01 1.037653732551732322e+00
1.686217008797653849e-01 1.039004612426394747e+00
1.710654936461387943e-01 1.040357156373255432e+00
1.735092864125122314e-01 1.041711358974715340e+00
1.759530791788856408e-01 1.043067214820950106e+00
1.783968719452590501e-01 1.044424718510098105e+00
1.808406647116324595e-01 1.045783864648343497e+00
1.832844574780058688e-01 1.047144647842316312e+00
1.857282502443792782e-01 1.048507062706773185e+00
1.881720430107526876e-01 1.049871103868225575e+00
1.906158357771260969e-01 1.051236765961856223e+00
1.930596285434995063e-01 1.052604043631861996e+00
1.955034213098729157e-01 1.053972931531811819e+00
1.979472140762463250e-01 1.055343424325014823e+00
2.003910068426197344e-01 1.056715516684898493e+00
2.028347996089931438e-01 1.058089203295393910e+00
2.052785923753665809e-01 1.059464478851326552e+00
2.077223851417399902e-01 1.060841338045404703e+00
2.101661779081133996e-01 1.062219775539299027e+00
2.126099706744868090e-01 1.063599786047243700e+00
2.150537634408602183e-01 1.064981364300516820e+00
2.174975562072336277e-01 1.066364505043041477e+00
2.199413489736070371e-01 1.067749203031799654e+00
2.223851417399804464e-01 1.069135453030599647e+00
2.248289345063538558e-01 1.070523249732838744e+00
2.272727272727272652e-01 1.071912587898413705e+00
2.297165200391006745e-01 1.073303462327880320e+00
2.321603128054740839e-01 1.074695867836756413e+00
2.346041055718475210e-01 1.076089799246358947e+00
2.370478983382209304e-01 1.077485251277227052e+00
2.394916911045943397e-01 1.078882218867139642e+00
2.419354838709677491e-01 1.080280694731895696e+00
2.443792766373411585e-01 1.081680675182358886e+00
2.468230694037145678e-01 1.083082155690449966e+00
2.492668621700879772e-01 1.084485131098538169e+00
2.517106549364613866e-01 1.085889596322093809e+00
2.541544477028347959e-01 1.087295546289093640e+00
2.565982404692082053e-01 1.088702975779054061e+00
2.590420332355816146e-01 1.090111879672655215e+00
2.614858260019550240e-01 1.091522252947038751e+00
2.639296187683284334e-01 1.092934090523815849e+00
2.663734115347018427e-01 1.094347387205114819e+00
2.688172043010752521e-01 1.095762138002264630e+00
2.712609970674486615e-01 1.097178337922856572e+00
2.737047898338220708e-01 1.098595981779185937e+00
2.761485826001954802e-01 1.100015064596787218e+00
2.785923753665688896e-01 1.101435581436287725e+00
2.810361681329422989e-01 1.102857527137167670e+00
2.834799608993157638e-01 1.104280896762055431e+00
2.859237536656891732e-01 1.105705685397591953e+00
2.883675464320625825e-01 1.107131887909234891e+00
2.908113391984359919e-01 1.108559499431646111e+00
2.932551319648094013e-01 1.109988515026979039e+00
2.956989247311828106e-01 1.111418929627886465e+00
2.981427174975562200e-01 1.112850738449651100e+00
3.005865102639296293e-01 1.114283936452391766e+00
3.030303030303030387e-01 1.115718518749114985e+00
3.054740957966764481e-01 1.117154480523973925e+00
3.079178885630498574e-01 1.118591816735702293e+00
3.103616813294232668e-01 1.120030522665234285e+00
3.128054740957966762e-01 1.121470593317410502e+00
3.152492668621700855e-01 1.122912023901609269e+00
3.176930596285434949e-01 1.124354809595963012e+00
3.201368523949169043e-01 1.125798945480887880e+00
3.225806451612903136e-01 1.127244426870094074e+00
3.250244379276637230e-01 1.128691248798508129e+00
3.274682306940371324e-01 1.130139406633000831e+00
3.299120234604105417e-01 1.131588895433915942e+00
3.323558162267839511e-01 1.133039710570667769e+00
3.347996089931573604e-01 1.134491847161641642e+00
3.372434017595307698e-01 1.135945300560967430e+00
3.396871945259041792e-01 1.137400065950495032e+00
3.421309872922775885e-01 1.138856138673437046e+00
3.445747800586510534e-01 1.140313513963382430e+00
3.470185728250244628e-01 1.141772187169644459e+00
3.494623655913978721e-01 1.143232153557651953e+00
3.519061583577712815e-01 1.144693408504032561e+00
3.543499511241446909e-01 1.146155947285862675e+00
3.567937438905181002e-01 1.147619765325158969e+00
3.592375366568915096e-01 1.149084857896890410e+00
3.616813294232649190e-01 1.150551220477224135e+00
3.641251221896383283e-01 1.152018848337260870e+00
3.665689149560117377e-01 1.153487737001794189e+00
3.690127077223851471e-01 1.154957881752623150e+00
3.714565004887585564e-01 1.156429278139621264e+00
3.739002932551319658e-01 1.157901921489259855e+00
3.763440860215053752e-01 1.159375807332462038e+00
3.787878787878787845e-01 1.160850931092605176e+00
3.812316715542521939e-01 1.162327288224796584e+00
3.836754643206256032e-01 1.163804874281605617e+00
3.861192570869990126e-01 1.165283684665352704e+00
3.885630498533724220e-01 1.166763714994475398e+00
3.910068426197458313e-01 1.168244960708332281e+00
3.934506353861192407e-01 1.169727417382800061e+00
3.958944281524926501e-01 1.171211080584267705e+00
3.983382209188660594e-01 1.172695945805859674e+00
4.007820136852394688e-01 1.174182008713583469e+00
4.032258064516128782e-01 1.175669264830140337e+00
4.056695992179862875e-01 1.177157709763483329e+00
4.081133919843597524e-01 1.178647339172202102e+00
4.105571847507331618e-01 1.180138148611046267e+00
4.130009775171065711e-01 1.181630133777577862e+00
4.154447702834799805e-01 1.183123290313280895e+00
4.178885630498533899e-01 1.184617613835589278e+00
4.203323558162267992e-01 1.186113100086627181e+00
4.227761485826002086e-01 1.187609744727424754e+00
4.252199413489736179e-01 1.189107543430379943e+00
4.276637341153470273e-01 1.190606491968423830e+00
4.301075268817204367e-01 1.192106586040527549e+00
4.325513196480938460e-01 1.193607821363375399e+00
4.349951124144672554e-01 1.195110193739979065e+00
4.374389051808406648e-01 1.196613698915472312e+00
4.398826979472140741e-01 1.198118332644789064e+00
4.423264907135874835e-01 1.199624090759074058e+00
4.447702834799608929e-01 1.201130969055174136e+00
4.472140762463343022e-01 1.202638963327977928e+00
4.496578690127077116e-01 1.204148069426420165e+00
4.521016617790811210e-01 1.205658283205920167e+00
4.545454545454545303e-01 1.207169600504948148e+00
4.569892473118279397e-01 1.208682017187380886e+00
4.594330400782013490e-01 1.210195529159967753e+00
4.618768328445747584e-01 1.211710132308859267e+00
4.643206256109481678e-01 1.213225822531998510e+00
4.667644183773215771e-01 1.214742595756378440e+00
4.692082111436950420e-01 1.216260447927008270e+00
4.716520039100684514e-01 1.217779374982927543e+00
4.740957966764418607e-01 1.219299372879075305e+00
4.765395894428152701e-01 1.220820437594125618e+00
4.789833822091886795e-01 1.222342565118057500e+00
4.814271749755620888e-01 1.223865751445491146e+00
4.838709677419354982e-01 1.225389992586419563e+00
4.863147605083089076e-01 1.226915284567219100e+00
4.887585532746823169e-01 1.228441623427062757e+00
4.912023460410557263e-01 1.229969005214865074e+00
4.936461388074291357e-01 1.231497425994189099e+00
4.960899315738025450e-01 1.233026881842850697e+00
4.985337243401759544e-01 1.234557368847624792e+00
5.009775171065493637e-01 1.236088883109286884e+00
5.034213098729227731e-01 1.237621420743875156e+00
5.058651026392961825e-01 1.239154977881492536e+00
5.083088954056695918e-01 1.240689550665009300e+00
5.107526881720430012e-01 1.242225135240336176e+00
5.131964809384164106e-01 1.243761727772820569e+00
5.156402737047898199e-01 1.245299324443886135e+00
5.180840664711632293e-01 1.246837921448501030e+00
5.205278592375366387e-01 1.248377514995653748e+00
5.229716520039100480e-01 1.249918101266408899e+00
5.254154447702834574e-01 1.251459677266100190e+00
5.278592375366568668e-01 1.253002239870164791e+00
5.303030303030302761e-01 1.254545783703493900e+00
5.327468230694036855e-01 1.256090305297427712e+00
5.351906158357770948e-01 1.257635800891380606e+00
5.376344086021505042e-01 1.259182266776974757e+00
5.400782013685239136e-01 1.260729699248858804e+00
5.425219941348973229e-01 1.262278094628599412e+00
5.449657869012707323e-01 1.263827449251246460e+00
5.474095796676441417e-01 1.265377759464579643e+00
5.498533724340175510e-01 1.266929021629035201e+00
5.522971652003909604e-01 1.268481232117636859e+00
5.547409579667643698e-01 1.270034387313828672e+00
5.571847507331377791e-01 1.271588483599610520e+00
5.596285434995111885e-01 1.273143517381873702e+00
5.620723362658845979e-01 1.274699485083275130e+00
5.645161290322581182e-01 1.276256383138930417e+00
5.669599217986315276e-01 1.277814207996363249e+00
5.694037145650049370e-01 1.279372956115461202e+00
5.718475073313783463e-01 1.280932623968435990e+00
5.742913000977517557e-01 1.282493208039783061e+00
5.767350928641251651e-01 1.284054704826070648e+00
5.791788856304985744e-01 1.285617110826310805e+00
5.816226783968719838e-01 1.287180422556321258e+00
5.840664711632453932e-01 1.288744636550037903e+00
5.865102639296188025e-01 1.290309749353623303e+00
5.889540566959922119e-01 1.291875757525439594e+00
5.913978494623656212e-01 1.293442657636024062e+00
5.938416422287390306e-01 1.295010446268064053e+00
5.962854349951124400e-01 1.296579120016377429e+00
5.987292277614858493e-01 1.298148675487892367e+00
6.011730205278592587e-01 1.299719109301628261e+00
6.036168132942326681e-01 1.301290418088679735e+00
6.060606060606060774e-01 1.302862598492200874e+00
6.085043988269794868e-01 1.304435647167389911e+00
6.109481915933528962e-01 1.306009560781476342e+00
6.133919843597263055e-01 1.307584336013605464e+00
6.158357771260997149e-01 1.309159969551879854e+00
6.182795698924731242e-01 1.310736458098649804e+00
6.207233626588465336e-01 1.312313798369947992e+00
6.231671554252199430e-01 1.313891987093761538e+00
6.256109481915933523e-01 1.315471021010015340e+00
6.280547409579667617e-01 1.317050896870551879e+00
6.304985337243401711e-01 1.318631611439112783e+00
6.329423264907135804e-01 1.320213161491320397e+00
6.353861192570869898e-01 1.321795543814657359e+00
6.378299120234603992e-01 1.323378755208446167e+00
6.402737047898338085e-01 1.324962792483828089e+00
6.427174975562072179e-01 1.326547652463739624e+00
6.451612903225806273e-01 1.328133331982891185e+00
6.476050830889540366e-01 1.329719827887739569e+00
6.500488758553274460e-01 1.331307137036464416e+00
6.524926686217008553e-01 1.332895256298937792e+00
6.549364613880742647e-01 1.334484182556696652e+00
6.573802541544476741e-01 1.336073912702912203e+00
6.598240469208210834e-01 1.337664443642354373e+00
6.622678396871944928e-01 1.339255772291358948e+00
6.647116324535679022e-01 1.340847895577788940e+00
6.671554252199413115e-01 1.342440810440996390e+00
6.695992179863147209e-01 1.344034513831779298e+00
6.720430107526881303e-01 1.345629002712337652e+00
6.744868035190615396e-01 1.347224274056226356e+00
6.769305962854349490e-01 1.348820324848305496e+00
6.793743890518083584e-01 1.350417152084688821e+00
6.818181818181817677e-01 1.352014752772685569e+00
6.842619745845551771e-01 1.353613123934943596e+00
6.867057673509285864e-01 1.355212262606574125e+00
6.891495601173021068e-01 1.356812165830347361e+00
6.915933528836755162e-01 1.358412830660188586e+00
6.940371456500489256e-01 1.360014254161113545e+00
6.964809384164223349e-01 1.361616433409159610e+00
6.989247311827957443e-01 1.363219365491313839e+00
7.013685239491691537e-01 1.364823047505439257e+00
7.038123167155425630e-01 1.366427476560191367e+00
7.062561094819159724e-01 1.368032649774937992e+00
7.086999022482893817e-01 1.369638564279670234e+00
7.111436950146627911e-01 1.371245217214910772e+00
7.135874877810362005e-01 1.372852605731618159e+00
7.160312805474096098e-01 1.374460726991086013e+00
7.184750733137830192e-01 1.376069578164838658e+00
7.209188660801564286e-01 1.377679156434573171e+00
7.233626588465298379e-01 1.379289459014953811e+00
7.258064516129032473e-01 1.380900483130321543e+00
7.282502443792766567e-01 1.382512225997789779e+00
7.306940371456500660e-01 1.384124684844431075e+00
7.331378299120234754e-01 1.385737856907153676e+00
7.355816226783968848e-01 1.387351739432567177e+00
7.380254154447702941e-01 1.388966329676850409e+00
7.404692082111437035e-01 1.390581624905608216e+00
7.429130009775171128e-01 1.392197622393725798e+00
7.453567937438905222e-01 1.393814319425217274e+00
7.478005865102639316e-01 1.395431713315825162e+00
7.502443792766373409e-01 1.397049801426294646e+00
7.526881720430107503e-01 1.398668581078000406e+00
7.551319648093841597e-01 1.400288049598867435e+00
7.575757575757575690e-01 1.401908204325507112e+00
7.600195503421309784e-01 1.403529042603040455e+00
7.624633431085043878e-01 1.405150561784915153e+00
7.649071358748777971e-01 1.406772759232716163e+00
7.673509286412512065e-01 1.408395632328058200e+00
7.697947214076246158e-01 1.410019178542253115e+00
7.722385141739980252e-01 1.411643395289168934e+00
7.746823069403714346e-01 1.413268279972559327e+00
7.771260997067448439e-01 1.414893830003729924e+00
7.795698924731182533e-01 1.416520042801321377e+00
7.820136852394916627e-01 1.418146915791086649e+00
7.844574780058650720e-01 1.419774446411042890e+00
7.869012707722384814e-01 1.421402632217670048e+00
7.893450635386118908e-01 1.423031470714674063e+00
7.917888563049853001e-01 1.424660959368007740e+00
7.942326490713587095e-01 1.426291095650014773e+00
7.966764418377321189e-01 1.427921877039174392e+00
7.991202346041055282e-01 1.429553301019840239e+00
8.015640273704789376e-01 1.431185365151387723e+00
8.040078201368523469e-01 1.432818067079023150e+00
8.064516129032257563e-01 1.434451404323475954e+00
8.088954056695991657e-01 1.436085374406744330e+00
8.113391984359725750e-01 1.437719974855832694e+00
8.137829912023460954e-01 1.439355203202456801e+00
8.162267839687195048e-01 1.440991057087653182e+00
8.186705767350929142e-01 1.442627534221271546e+00
8.211143695014663235e-01 1.444264632167713058e+00
8.235581622678397329e-01 1.445902348493827816e+00
8.260019550342131422e-01 1.447540680770177168e+00
8.284457478005865516e-01 1.449179626594293335e+00
8.308895405669599610e-01 1.450819183781149935e+00
8.333333333333333703e-01 1.452459349988824755e+00
8.357771260997067797e-01 1.454100122820804142e+00
8.382209188660801891e-01 1.455741499883175694e+00
8.406647116324535984e-01 1.457383478792811715e+00
8.431085043988270078e-01 1.459026057410493404e+00
8.455522971652004172e-01 1.460669233481106000e+00
8.479960899315738265e-01 1.462313004641131897e+00
8.504398826979472359e-01 1.463957368528429281e+00
8.528836754643206453e-01 1.465602322802907809e+00
8.553274682306940546e-01 1.467247865413330521e+00
8.577712609970674640e-01 1.468893994121404534e+00
8.602150537634408733e-01 1.470540706592513125e+00
8.626588465298142827e-01 1.472188000492079096e+00
8.651026392961876921e-01 1.473835873585175538e+00
8.675464320625611014e-01 1.475484323899429961e+00
8.699902248289345108e-01 1.477133349155401731e+00
8.724340175953079202e-01 1.478782947042815321e+00
8.748778103616813295e-01 1.480433115257631105e+00
8.773216031280547389e-01 1.482083851835829913e+00
8.797653958944281483e-01 1.483735154672498391e+00
8.822091886608015576e-01 1.485387021479191993e+00
8.846529814271749670e-01 1.487039449964931759e+00
8.870967741935483764e-01 1.488692438060437606e+00
8.895405669599217857e-01 1.490345983858327727e+00
8.919843597262951951e-01 1.492000085094779216e+00
8.944281524926686044e-01 1.493654739496775186e+00
8.968719452590420138e-01 1.495309944953220782e+00
8.993157380254154232e-01 1.496965699665901539e+00
9.017595307917888325e-01 1.498622001409368298e+00
9.042033235581622419e-01 1.500278847925596626e+00
9.066471163245356513e-01 1.501936237121614948e+00
9.090909090909090606e-01 1.503594167262371828e+00
9.115347018572824700e-01 1.505252636142924150e+00
9.139784946236558794e-01 1.506911641517046485e+00
9.164222873900292887e-01 1.508571181373775882e+00
9.188660801564026981e-01 1.510231254000507839e+00
9.213098729227761075e-01 1.511891857185256649e+00
9.237536656891495168e-01 1.513552988690179735e+00
9.261974584555229262e-01 1.515214646687335298e+00
9.286412512218963355e-01 1.516876829385565006e+00
9.310850439882697449e-01 1.518539534560994664e+00
9.335288367546431543e-01 1.520202760019230936e+00
9.359726295210165636e-01 1.521866504173234880e+00
9.384164222873900840e-01 1.523530765037156787e+00
9.408602150537634934e-01 1.525195540389473692e+00
9.433040078201369028e-01 1.526860828227885714e+00
9.457478005865103121e-01 1.528526627034282548e+00
9.481915933528837215e-01 1.530192934645768998e+00
9.506353861192571308e-01 1.531859748852233860e+00
9.530791788856305402e-01 1.533527068089086454e+00
9.555229716520039496e-01 1.535194890518086330e+00
9.579667644183773589e-01 1.536863213923582494e+00
9.604105571847507683e-01 1.538532036357638022e+00
9.628543499511241777e-01 1.540201356392071785e+00
9.652981427174975870e-01 1.541871171864065637e+00
9.677419354838709964e-01 1.543541480613314087e+00
9.701857282502444058e-01 1.545212281280633038e+00
9.726295210166178151e-01 1.546883571869778429e+00
9.750733137829912245e-01 1.548555350244204432e+00
9.775171065493646338e-01 1.550227614927400799e+00
9.799608993157380432e-01 1.551900364474620764e+00
9.824046920821114526e-01 1.553573596518190048e+00
9.848484848484848619e-01 1.555247308970764353e+00
9.872922776148582713e-01 1.556921500560665583e+00
9.897360703812316807e-01 1.558596169113991348e+00
9.921798631476050900e-01 1.560271312609125882e+00
9.946236559139784994e-01 1.561946929854084676e+00
9.970674486803519088e-01 1.563623018756145067e+00
9.995112414467253181e-01 1.565299577203170589e+00
1.001955034213098727e+00 1.566976604043983201e+00
1.004398826979472137e+00 1.568654097292302430e+00
1.006842619745845546e+00 1.570332054782526576e+00
1.009286412512218956e+00 1.572010475371916627e+00
1.011730205278592365e+00 1.573689357166591973e+00
1.014173998044965774e+00 1.575368697974157017e+00
1.016617790811339184e+00 1.577048496666104693e+00
1.019061583577712593e+00 1.578728751405020558e+00
1.021505376344086002e+00 1.580409459990756549e+00
1.023949169110459412e+00 1.582090621335547453e+00
1.026392961876832821e+00 1.583772233609251012e+00
1.028836754643206230e+00 1.585454294624614180e+00
1.031280547409579640e+00 1.587136803363538684e+00
1.033724340175953049e+00 1.588819757949771150e+00
1.036168132942326459e+00 1.590503156240845595e+00
1.038611925708699868e+00 1.592186997300554463e+00
1.041055718475073277e+00 1.593871279158432630e+00
1.043499511241446687e+00 1.595555999769989075e+00
1.045943304007820096e+00 1.597241158256490046e+00
1.048387096774193505e+00 1.598926752520331895e+00
1.050830889540566915e+00 1.600612780699932625e+00
1.053274682306940324e+00 1.602299241892226833e+00
1.055718475073313734e+00 1.603986133865020980e+00
1.058162267839687143e+00 1.605673455067151201e+00
1.060606060606060552e+00 1.607361204410511002e+00
1.063049853372433962e+00 1.609049379569031935e+00
1.065493646138807371e+00 1.610737979447246504e+00
1.067937438905180780e+00 1.612427002546122923e+00
1.070381231671554190e+00 1.614116446632406721e+00
1.072825024437927599e+00 1.615806310944758240e+00
1.075268817204301008e+00 1.617496593555323159e+00
1.077712609970674418e+00 1.619187292543592616e+00
1.080156402737047827e+00 1.620878407182247072e+00
1.082600195503421237e+00 1.622569935204565050e+00
1.085043988269794646e+00 1.624261875290708756e+00
1.087487781036168055e+00 1.625954226288624627e+00
1.089931573802541465e+00 1.627646985877933217e+00
1.092375366568914874e+00 1.629340153364202237e+00
1.094819159335288283e+00 1.631033726886727875e+00
1.097262952101661693e+00 1.632727704562551674e+00
1.099706744868035102e+00 1.634422085744025033e+00
1.102150537634408511e+00 1.636116868088411946e+00
1.104594330400781921e+00 1.637812050595596869e+00
1.107038123167155330e+00 1.639507631886035988e+00
1.109481915933528740e+00 1.641203609780431005e+00
1.111925708699902149e+00 1.642899983783813633e+00
1.114369501466275558e+00 1.644596751707622984e+00
1.116813294232648968e+00 1.646293912246526991e+00
1.119257086999022377e+00 1.647991464390024641e+00
1.121700879765395786e+00 1.649689405821446186e+00
1.124144672531769196e+00 1.651387736093246072e+00
1.126588465298142827e+00 1.653086453117546206e+00
1.129032258064516236e+00 1.654785555498525351e+00
1.131476050830889646e+00 1.656485042361532267e+00
1.133919843597263055e+00 1.658184911361689551e+00
1.136363636363636465e+00 1.659885162119286495e+00
1.138807429130009874e+00 1.661585792509915560e+00
1.141251221896383283e+00 1.663286801280270844e+00
1.143695014662756693e+00 1.664988187471093006e+00
1.146138807429130102e+00 1.666689948808826038e+00
1.148582600195503511e+00 1.668392084999850367e+00
1.151026392961876921e+00 1.670094593744368971e+00
1.153470185728250330e+00 1.671797474193594812e+00
1.155913978494623739e+00 1.673500725019597679e+00
1.158357771260997149e+00 1.675204344224792807e+00
1.160801564027370558e+00 1.676908331483135894e+00
1.163245356793743968e+00 1.678612684341137973e+00
1.165689149560117377e+00 1.680317402429411633e+00
1.168132942326490786e+00 1.682022483850850625e+00
1.170576735092864196e+00 1.683727927238256150e+00
1.173020527859237605e+00 1.685433731836694982e+00
1.175464320625611014e+00 1.687139895364754061e+00
1.177908113391984424e+00 1.688846417673244282e+00
1.180351906158357833e+00 1.690553296339355471e+00
1.182795698924731242e+00 1.692260530946533059e+00
1.185239491691104652e+00 1.693968119745986822e+00
1.187683284457478061e+00 1.695676061317740402e+00
1.190127077223851471e+00 1.697384355000109091e+00
1.192570869990224880e+00 1.699092998523262565e+00
1.195014662756598289e+00 1.700801991806756064e+00
1.197458455522971699e+00 1.702511332374765596e+00
1.199902248289345108e+00 1.704221020031475575e+00
1.202346041055718517e+00 1.705931052759226851e+00
1.204789833822091927e+00 1.707641429614735751e+00
1.207233626588465336e+00 1.709352149516109032e+00
1.209677419354838745e+00 1.711063210571931448e+00
1.212121212121212155e+00 1.712774612542576458e+00
1.214565004887585564e+00 1.714486352993374041e+00
1.217008797653958974e+00 1.716198431980175743e+00
1.219452590420332383e+00 1.717910847044265443e+00
1.221896383186705792e+00 1.719623598045545210e+00
1.224340175953079202e+00 1.721336682964653697e+00
1.226783968719452611e+00 1.723050101029686809e+00
1.229227761485826020e+00 1.724763851016461125e+00
1.231671554252199430e+00 1.726477931297885293e+00
1.234115347018572839e+00 1.728192341470685234e+00
1.236559139784946248e+00 1.729907079289611627e+00
1.239002932551319658e+00 1.731622144809464414e+00
1.241446725317693067e+00 1.733337535518401751e+00
1.243890518084066477e+00 1.735053251594876000e+00
1.246334310850439886e+00 1.736769290571724689e+00
1.248778103616813295e+00 1.738485652462352427e+00
1.251221896383186705e+00 1.740202335110823118e+00
1.253665689149560114e+00 1.741919338120503369e+00
1.256109481915933523e+00 1.743636659870465566e+00
1.258553274682306933e+00 1.745354299350923233e+00
1.260997067448680342e+00 1.747072255609211755e+00
1.263440860215053752e+00 1.748790527007973550e+00
1.265884652981427161e+00 1.750509113178239984e+00
1.268328445747800570e+00 1.752228012018548942e+00
1.270772238514173980e+00 1.753947223548961487e+00
1.273216031280547389e+00 1.755666745381818217e+00
1.275659824046920798e+00 1.757386577764372904e+00
1.278103616813294208e+00 1.759106718168949479e+00
1.280547409579667617e+00 1.760827166938758959e+00
1.282991202346041026e+00 1.762547921522809924e+00
1.285434995112414436e+00 1.764268982257370055e+00
1.287878787878787845e+00 1.765990346657643872e+00
1.290322580645161255e+00 1.767712014976085877e+00
1.292766373411534664e+00 1.769433984858730824e+00
1.295210166177908073e+00 1.771156256421050568e+00
1.297653958944281483e+00 1.772878827482022634e+00
1.300097751710654892e+00 1.774601697988291038e+00
1.302541544477028301e+00 1.776324865953755605e+00
1.304985337243401711e+00 1.778048331143308181e+00
1.307429130009775120e+00 1.779772091770040809e+00
1.309872922776148529e+00 1.781496147420649434e+00
1.312316715542521939e+00 1.783220496496432439e+00
1.314760508308895348e+00 1.784945138423458477e+00
1.317204301075268758e+00 1.786670071767475720e+00
1.319648093841642167e+00 1.788395295822999609e+00
1.322091886608015576e+00 1.790120809286226411e+00
1.324535679374388986e+00 1.791846611358163477e+00
1.326979472140762395e+00 1.793572700823753419e+00
1.329423264907135804e+00 1.795299076834945717e+00
1.331867057673509214e+00 1.797025738218615665e+00
1.334310850439882623e+00 1.798752684125907830e+00
1.336754643206256032e+00 1.800479913376314078e+00
1.339198435972629442e+00 1.802207425169607635e+00
1.341642228739002851e+00 1.803935218268721830e+00
1.344086021505376261e+00 1.805663291970014850e+00
1.346529814271749670e+00 1.807391644933496799e+00
1.348973607038123079e+00 1.809120276595899801e+00
1.351417399804496489e+00 1.810849185473459633e+00
1.353861192570869898e+00 1.812578371180196157e+00
1.356304985337243307e+00 1.814307832055959357e+00
1.358748778103616717e+00 1.816037567919347895e+00
1.361192570869990126e+00 1.817767576912207028e+00
1.363636363636363535e+00 1.819497859072624513e+00
1.366080156402736945e+00 1.821228412336595159e+00
1.368523949169110354e+00 1.822959236961421370e+00
1.370967741935483764e+00 1.824690330685984074e+00
1.373411534701857173e+00 1.826421693968531601e+00
1.375855327468230804e+00 1.828153324378975153e+00
1.378299120234604214e+00 1.829885222537397160e+00
1.380742913000977623e+00 1.831617385895150774e+00
1.383186705767351032e+00 1.833349815171334773e+00
1.385630498533724442e+00 1.835082507774300709e+00
1.388074291300097851e+00 1.836815464432744349e+00
1.390518084066471260e+00 1.838548682615617658e+00
1.392961876832844670e+00 1.840282162942289412e+00
1.395405669599218079e+00 1.842015903076877015e+00
1.397849462365591489e+00 1.843749903378056887e+00
1.400293255131964898e+00 1.845484161873588880e+00
1.402737047898338307e+00 1.847218678474694897e+00
1.405180840664711717e+00 1.848953451778127199e+00
1.407624633431085126e+00 1.850688481039757027e+00
1.410068426197458535e+00 1.852423765618840923e+00
1.412512218963831945e+00 1.854159304009192377e+00
1.414956011730205354e+00 1.855895096279140288e+00
1.417399804496578763e+00 1.857631140314822460e+00
1.419843597262952173e+00 1.859367436696557796e+00
1.422287390029325582e+00 1.861103982932982293e+00
1.424731182795698992e+00 1.862840779861795415e+00
1.427174975562072401e+00 1.864577824893452140e+00
1.429618768328445810e+00 1.866315118817740037e+00
1.432062561094819220e+00 1.868052659278470751e+00
1.434506353861192629e+00 1.869790446658465832e+00
1.436950146627566038e+00 1.871528479221727714e+00
1.439393939393939448e+00 1.873266756542026457e+00
1.441837732160312857e+00 1.875005277907334289e+00
1.444281524926686266e+00 1.876744041831885035e+00
1.446725317693059676e+00 1.878483048568770464e+00
1.449169110459433085e+00 1.880222295845576319e+00
1.451612903225806495e+00 1.881961784487815814e+00
1.454056695992179904e+00 1.883701511905448767e+00
1.456500488758553313e+00 1.885441478993456155e+00
1.458944281524926723e+00 1.887181683381290664e+00
1.461388074291300132e+00 1.888922125460770873e+00
1.463831867057673541e+00 1.890662803689211025e+00
1.466275659824046951e+00 1.892403717384928630e+00
1.468719452590420360e+00 1.894144866290498275e+00
1.471163245356793770e+00 1.895886248491579718e+00
1.473607038123167179e+00 1.897627864690462518e+00
1.476050830889540588e+00 1.899369712345626127e+00
1.478494623655913998e+00 1.901111792437252035e+00
1.480938416422287407e+00 1.902854102537085090e+00
1.483382209188660816e+00 1.904596643120654242e+00
1.485826001955034226e+00 1.906339412697809488e+00
1.488269794721407635e+00 1.908082410501908077e+00
1.490713587487781044e+00 1.909825636500262824e+00
1.493157380254154454e+00 1.911569088583464193e+00
1.495601173020527863e+00 1.913312767656271118e+00
1.498044965786901273e+00 1.915056671132367327e+00
1.500488758553274682e+00 1.916800799915761688e+00
1.502932551319648091e+00 1.918545151941352334e+00
1.505376344086021501e+00 1.920289727099778299e+00
1.507820136852394910e+00 1.922034524840134262e+00
1.510263929618768319e+00 1.923779543454781527e+00
1.512707722385141729e+00 1.925524783694102515e+00
1.515151515151515138e+00 1.927270243004767014e+00
1.517595307917888547e+00 1.929015922402996797e+00
1.520039100684261957e+00 1.930761819692947023e+00
1.522482893450635366e+00 1.932507934928023197e+00
1.524926686217008776e+00 1.934254267495677082e+00
1.527370478983382185e+00 1.936000815726469870e+00
1.529814271749755594e+00 1.937747580421091076e+00
1.532258064516129004e+00 1.939494559015966457e+00
1.534701857282502413e+00 1.941241752507717688e+00
1.537145650048875822e+00 1.942989158879100398e+00
1.539589442815249232e+00 1.944736777921340254e+00
1.542033235581622641e+00 1.946484609375059183e+00
1.544477028347996050e+00 1.948232651282230554e+00
1.546920821114369460e+00 1.949980904907130164e+00
1.549364613880742869e+00 1.951729367350839350e+00
1.551808406647116279e+00 1.953478039151047119e+00
1.554252199413489688e+00 1.955226918727106522e+00
1.556695992179863097e+00 1.956976004991715756e+00
1.559139784946236507e+00 1.958725298625594302e+00
1.561583577712609916e+00 1.960474797518040102e+00
1.564027370478983325e+00 1.962224502738499909e+00
1.566471163245356735e+00 1.963974412473574960e+00
1.568914956011730144e+00 1.965724526575593600e+00
1.571358748778103553e+00 1.967474844788930977e+00
1.573802541544476963e+00 1.969225365050695453e+00
1.576246334310850372e+00 1.970976088497082390e+00
1.578690127077223782e+00 1.972727012702772731e+00
1.581133919843597191e+00 1.974478138058126220e+00
1.583577712609970600e+00 1.976229463941631570e+00
1.586021505376344010e+00 1.977980988644500782e+00
1.588465298142717419e+00 1.979732713190684779e+00
1.590909090909090828e+00 1.981484635051794063e+00
1.593352883675464238e+00 1.983236754894384335e+00
1.595796676441837647e+00 1.984989071764990287e+00
1.598240469208211056e+00 1.986741584251575432e+00
1.600684261974584466e+00 1.988494293283509684e+00
1.603128054740957875e+00 1.990247196316399680e+00
1.605571847507331285e+00 1.992000294121367476e+00
1.608015640273704694e+00 1.993753585646926840e+00
1.610459433040078103e+00 1.995507069567991731e+00
1.612903225806451513e+00 1.997260746812478116e+00
1.615347018572824922e+00 1.999014614844378368e+00
1.617790811339198331e+00 2.000768674400074776e+00
1.620234604105571741e+00 2.002522924575459218e+00
1.622678396871945150e+00 2.004277363897601028e+00
1.625122189638318781e+00 2.006031993394158164e+00
1.627565982404692191e+00 2.007786810570670433e+00
1.630009775171065600e+00 2.009541815986136459e+00
1.632453567937439010e+00 2.011297009104664468e+00
1.634897360703812419e+00 2.013052388117616331e+00
1.637341153470185828e+00 2.014807954189626216e+00
1.639784946236559238e+00 2.016563704981846783e+00
1.642228739002932647e+00 2.018319640693917005e+00
1.644672531769306056e+00 2.020075761318068874e+00
1.647116324535679466e+00 2.021832064641622573e+00
1.649560117302052875e+00 2.023588551866787544e+00
1.652003910068426284e+00 2.025345221078050706e+00
1.654447702834799694e+00 2.027102071858064569e+00
1.656891495601173103e+00 2.028859104789537238e+00
1.659335288367546513e+00 2.030616317380070868e+00
1.661779081133919922e+00 2.032373710563891933e+00
1.664222873900293331e+00 2.034131283332446749e+00
1.666666666666666741e+00 2.035889034292579503e+00
1.669110459433040150e+00 2.037646964541696804e+00
1.671554252199413559e+00 2.039405071698321859e+00
1.673998044965786969e+00 2.041163356042304144e+00
1.676441837732160378e+00 2.042921817648257310e+00
1.678885630498533788e+00 2.044680454247442380e+00
1.681329423264907197e+00 2.046439267001985307e+00
1.683773216031280606e+00 2.048198254372280314e+00
1.686217008797654016e+00 2.049957415497756230e+00
1.688660801564027425e+00 2.051716751313429121e+00
1.691104594330400834e+00 2.053476259362891909e+00
1.693548387096774244e+00 2.055235940124978899e+00
1.695992179863147653e+00 2.056995793541720463e+00
1.698435972629521062e+00 2.058755817426011880e+00
1.700879765395894472e+00 2.060516012953019782e+00
1.703323558162267881e+00 2.062276378621398454e+00
1.705767350928641291e+00 2.064036913524321282e+00
1.708211143695014700e+00 2.065797618661346480e+00
1.710654936461388109e+00 2.067558491642679908e+00
1.713098729227761519e+00 2.069319532777143866e+00
1.715542521994134928e+00 2.071080742297436217e+00
1.717986314760508337e+00 2.072842117851279919e+00
1.720430107526881747e+00 2.074603660460252019e+00
1.722873900293255156e+00 2.076365369231689684e+00
1.725317693059628565e+00 2.078127242648162287e+00
1.727761485826001975e+00 2.079889281905105580e+00
1.730205278592375384e+00 2.081651484988513268e+00
1.732649071358748794e+00 2.083413851589198895e+00
1.735092864125122203e+00 2.085176382491686908e+00
1.737536656891495612e+00 2.086939075245914044e+00
1.739980449657869022e+00 2.088701930384761596e+00
1.742424242424242431e+00 2.090464948007757062e+00
1.744868035190615840e+00 2.092228125835039254e+00
1.747311827956989250e+00 2.093991464899228827e+00
1.749755620723362659e+00 2.095754964403375276e+00
1.752199413489736068e+00 2.097518622739622085e+00
1.754643206256109478e+00 2.099282441113035969e+00
1.757086999022482887e+00 2.101046417779727005e+00
1.759530791788856297e+00 2.102810552095363494e+00
1.761974584555229706e+00 2.104574845058314825e+00
1.764418377321603115e+00 2.106339294388449801e+00
1.766862170087976525e+00 2.108103900189226554e+00
1.769305962854349934e+00 2.109868663081850837e+00
1.771749755620723343e+00 2.111633580630873475e+00
1.774193548387096753e+00 2.113398653458669951e+00
1.776637341153470162e+00 2.115163881697332382e+00
1.779081133919843571e+00 2.116929263057196309e+00
1.781524926686216981e+00 2.118694798490793119e+00
1.783968719452590390e+00 2.120460487565656305e+00
1.786412512218963800e+00 2.122226328365582226e+00
1.788856304985337209e+00 2.123992322021420520e+00
1.791300097751710618e+00 2.125758467493965576e+00
1.793743890518084028e+00 2.127524763401186458e+00
1.796187683284457437e+00 2.129291210915011501e+00
1.798631476050830846e+00 2.131057808434632328e+00
1.801075268817204256e+00 2.132824555155105717e+00
1.803519061583577665e+00 2.134591452163468794e+00
1.805962854349951074e+00 2.136358497484149854e+00
1.808406647116324484e+00 2.138125690763271081e+00
1.810850439882697893e+00 2.139893032963353203e+00
1.813294232649071303e+00 2.141660521881977974e+00
1.815738025415444712e+00 2.143428157505250731e+00
1.818181818181818121e+00 2.145195940655447497e+00
1.820625610948191531e+00 2.146963869009296921e+00
1.823069403714564940e+00 2.148731942803003392e+00
1.825513196480938349e+00 2.150500162720304864e+00
1.827956989247311759e+00 2.152268526387710157e+00
1.830400782013685168e+00 2.154037034219546509e+00
1.832844574780058577e+00 2.155805686776906871e+00
1.835288367546431987e+00 2.157574481677870359e+00
1.837732160312805396e+00 2.159343419457572466e+00
1.840175953079178806e+00 2.161112500581238383e+00
1.842619745845552215e+00 2.162881722678043683e+00
1.845063538611925624e+00 2.164651086357986642e+00
1.847507331378299034e+00 2.166420592024810965e+00
1.849951124144672443e+00 2.168190237322605185e+00
1.852394916911045852e+00 2.169960022898389518e+00
1.854838709677419262e+00 2.171729949133109905e+00
1.857282502443792671e+00 2.173500013680476073e+00
1.859726295210166080e+00 2.175270217191485500e+00
1.862170087976539490e+00 2.177040560063993269e+00
1.864613880742912899e+00 2.178811039953489459e+00
1.867057673509286309e+00 2.180581657483440683e+00
1.869501466275659718e+00 2.182352413106009248e+00
1.871945259042033127e+00 2.184123304474705041e+00
1.874389051808406537e+00 2.185894332152164665e+00
1.876832844574780168e+00 2.187665496676673538e+00
1.879276637341153577e+00 2.189436795706650063e+00
1.881720430107526987e+00 2.191208229705543076e+00
1.884164222873900396e+00 2.192979799320668555e+00
1.886608015640273806e+00 2.194751502239511431e+00
1.889051808406647215e+00 2.196523338779605261e+00
1.891495601173020624e+00 2.198295309707997358e+00
1.893939393939394034e+00 2.200067412789265653e+00
1.896383186705767443e+00 2.201839648136635574e+00
1.898826979472140852e+00 2.203612016632074955e+00
1.901270772238514262e+00 2.205384516195748379e+00
1.903714565004887671e+00 2.207157146663221159e+00
1.906158357771261080e+00 2.208929909007760095e+00
1.908602150537634490e+00 2.210702801420671548e+00
1.911045943304007899e+00 2.212475823368255323e+00
1.913489736070381309e+00 2.214248975869338221e+00
1.915933528836754718e+00 2.216022257545583241e+00
1.918377321603128127e+00 2.217795667380873859e+00
1.920821114369501537e+00 2.219569206388239735e+00
1.923264907135874946e+00 2.221342873769776016e+00
1.925708699902248355e+00 2.223116667948344283e+00
1.928152492668621765e+00 2.224890589907475125e+00
1.930596285434995174e+00 2.226664639408140633e+00
1.933040078201368583e+00 2.228438814433902682e+00
1.935483870967741993e+00 2.230213115842948124e+00
1.937927663734115402e+00 2.231987543888967807e+00
1.940371456500488812e+00 2.233762096314536372e+00
1.942815249266862221e+00 2.235536773720653958e+00
1.945259042033235630e+00 2.237311576751704223e+00
1.947702834799609040e+00 2.239086503178717713e+00
1.950146627565982449e+00 2.240861553178399301e+00
1.952590420332355858e+00 2.242636727644654382e+00
1.955034213098729268e+00 2.244412024724090848e+00
1.957478005865102677e+00 2.246187443963473918e+00
1.959921798631476086e+00 2.247962986324838042e+00
1.962365591397849496e+00 2.249738650755109592e+00
1.964809384164222905e+00 2.251514435930265456e+00
1.967253176930596315e+00 2.253290342800953638e+00
1.969696969696969724e+00 2.255066371180629137e+00
1.972140762463343133e+00 2.256842519037834283e+00
1.974584555229716543e+00 2.258618787159974328e+00
1.977028347996089952e+00 2.260395176011455121e+00
1.979472140762463361e+00 2.262171683347447004e+00
1.981915933528836771e+00 2.263948309513916790e+00
1.984359726295210180e+00 2.265725055357848738e+00
1.986803519061583589e+00 2.267501919020056711e+00
1.989247311827956999e+00 2.269278900074719107e+00
1.991691104594330408e+00 2.271055999444415718e+00
1.994134897360703818e+00 2.272833216313749460e+00
1.996578690127077227e+00 2.274610549151663275e+00
1.999022482893450636e+00 2.276387998854517924e+00
2.001466275659824046e+00 2.278165565581149909e+00
2.003910068426197455e+00 2.279943247148765284e+00
2.006353861192570864e+00 2.281721044128316223e+00
2.008797653958944274e+00 2.283498957266784313e+00
2.011241446725317683e+00 2.285276984562118585e+00
2.013685239491691092e+00 2.287055125813749257e+00
2.016129032258064502e+00 2.288833381915034604e+00
2.018572825024437911e+00 2.290611751977204236e+00
2.021016617790811321e+00 2.292390234548300487e+00
2.023460410557184730e+00 2.294168830502560930e+00
2.025904203323558139e+00 2.295947540066166415e+00
2.028347996089931549e+00 2.297726361056251498e+00
2.030791788856304958e+00 2.299505293961006114e+00
2.033235581622678367e+00 2.301284339585048855e+00
2.035679374389051777e+00 2.303063496145902889e+00
2.038123167155425186e+00 2.304842763151197627e+00
2.040566959921798595e+00 2.306622141466069031e+00
2.043010752688172005e+00 2.308401630706764518e+00
2.045454545454545414e+00 2.310181229015268123e+00
2.047898338220918824e+00 2.311960937153435758e+00
2.050342130987292233e+00 2.313740755706712005e+00
2.052785923753665642e+00 2.315520682573796840e+00
2.055229716520039052e+00 2.317300717789502862e+00
2.057673509286412461e+00 2.319080862199720983e+00
2.060117302052785870e+00 2.320861114922917690e+00
2.062561094819159280e+00 2.322641474523428062e+00
2.065004887585532689e+00 2.324421941828515692e+00
2.067448680351906098e+00 2.326202517231401146e+00
2.069892473118279508e+00 2.327983198577048274e+00
2.072336265884652917e+00 2.329763986136796472e+00
2.074780058651026327e+00 2.331544880737758341e+00
2.077223851417399736e+00 2.333325881241919753e+00
2.079667644183773145e+00 2.335106986469459134e+00
2.082111436950146555e+00 2.336888197239612275e+00
2.084555229716519964e+00 2.338669513876322714e+00
2.086999022482893373e+00 2.340450934238132774e+00
2.089442815249266783e+00 2.342232458643984216e+00
2.091886608015640192e+00 2.344014087902668297e+00
2.094330400782013601e+00 2.345795820918153307e+00
2.096774193548387011e+00 2.347577656479787223e+00
2.099217986314760420e+00 2.349359595388305966e+00
2.101661779081133830e+00 2.351141638045509907e+00
2.104105571847507239e+00 2.352923782336557856e+00
2.106549364613880648e+00 2.354706028469122359e+00
2.108993157380254058e+00 2.356488377234113418e+00
2.111436950146627467e+00 2.358270827861366659e+00
2.113880742913000876e+00 2.360053378845923699e+00
2.116324535679374286e+00 2.361836030950889231e+00
2.118768328445747695e+00 2.363618784755717517e+00
2.121212121212121104e+00 2.365401638273878504e+00
2.123655913978494514e+00 2.367184591401548577e+00
2.126099706744867923e+00 2.368967644912187254e+00
2.128543499511241333e+00 2.370750798559376094e+00
2.130987292277614742e+00 2.372534050446291509e+00
2.133431085043988151e+00 2.374317401199328437e+00
2.135874877810361561e+00 2.376100851556873561e+00
2.138318670576734970e+00 2.377884399993280162e+00
2.140762463343108379e+00 2.379668045780602981e+00
2.143206256109481789e+00 2.381451789675264941e+00
2.145650048875855198e+00 2.383235631995458181e+00
2.148093841642228607e+00 2.385019570662763488e+00
2.150537634408602017e+00 2.386803605916937521e+00
2.152981427174975426e+00 2.388587738504801994e+00
2.155425219941348836e+00 2.390371967894004079e+00
2.157869012707722245e+00 2.392156292409201690e+00
2.160312805474095654e+00 2.393940712732737897e+00
2.162756598240469064e+00 2.395725229560742520e+00
2.165200391006842473e+00 2.397509841292204680e+00
2.167644183773215882e+00 2.399294547309081871e+00
2.170087976539589292e+00 2.401079348341795150e+00
2.172531769305962701e+00 2.402864244740910316e+00
2.174975562072336110e+00 2.404649234462564955e+00
2.177419354838709520e+00 2.406434317672900391e+00
2.179863147605082929e+00 2.408219495093102847e+00
2.182306940371456339e+00 2.410004766453289538e+00
2.184750733137829748e+00 2.411790129909168634e+00
2.187194525904203157e+00 2.413575586043893662e+00
2.189638318670576567e+00 2.415361135569546125e+00
2.192082111436949976e+00 2.417146777392376933e+00
2.194525904203323385e+00 2.418932510366297528e+00
2.196969696969696795e+00 2.420718335196615278e+00
2.199413489736070204e+00 2.422504252488895560e+00
2.201857282502443613e+00 2.424290260480231662e+00
2.204301075268817023e+00 2.426076358796876331e+00
2.206744868035190432e+00 2.427862548135337750e+00
2.209188660801563842e+00 2.429648828813701478e+00
2.211632453567937251e+00 2.431435198769899220e+00
2.214076246334310660e+00 2.433221658234795637e+00
2.216520039100684070e+00 2.435008208011064657e+00
2.218963831867057479e+00 2.436794848040130468e+00
2.221407624633430888e+00 2.438581576085565583e+00
2.223851417399804298e+00 2.440368392659846730e+00
2.226295210166177707e+00 2.442155298536135888e+00
2.228739002932551116e+00 2.443942293113073649e+00
2.231182795698924526e+00 2.445729374368158737e+00
2.233626588465297935e+00 2.447516542791995597e+00
2.236070381231671345e+00 2.449303798941735888e+00
2.238514173998044754e+00 2.451091141920527683e+00
2.240957966764418163e+00 2.452878570760451460e+00
2.243401759530791573e+00 2.454666086216048981e+00
2.245845552297164982e+00 2.456453689028653464e+00
2.248289345063538391e+00 2.458241378249888864e+00
2.250733137829912245e+00 2.460029153216278797e+00
2.253176930596285654e+00 2.461817014366495027e+00
2.255620723362659064e+00 2.463604962073735916e+00
2.258064516129032473e+00 2.465392994711152586e+00
2.260508308895405882e+00 2.467181111881702194e+00
2.262952101661779292e+00 2.468969314234895407e+00
2.265395894428152701e+00 2.470757602279531895e+00
2.267839687194526110e+00 2.472545974216986853e+00
2.270283479960899520e+00 2.474334429794921242e+00
2.272727272727272929e+00 2.476122969654685591e+00
2.275171065493646338e+00 2.477911594234048831e+00
2.277614858260019748e+00 2.479700301665979989e+00
2.280058651026393157e+00 2.481489091836976080e+00
2.282502443792766567e+00 2.483277965380340291e+00
2.284946236559139976e+00 2.485066922682891644e+00
2.287390029325513385e+00 2.486855961852155072e+00
2.289833822091886795e+00 2.488645082850725387e+00
2.292277614858260204e+00 2.490434286303969902e+00
2.294721407624633613e+00 2.492223572576281132e+00
2.297165200391007023e+00 2.494012939774856719e+00
2.299608993157380432e+00 2.495802387885048379e+00
2.302052785923753842e+00 2.497591917524395910e+00
2.304496578690127251e+00 2.499381529066035945e+00
2.306940371456500660e+00 2.501171220635699743e+00
2.309384164222874070e+00 2.502960992191757050e+00
2.311827956989247479e+00 2.504750844344028948e+00
2.314271749755620888e+00 2.506540777502451522e+00
2.316715542521994298e+00 2.508330789835407248e+00
2.319159335288367707e+00 2.510120881222397404e+00
2.321603128054741116e+00 2.511911052265634936e+00
2.324046920821114526e+00 2.513701303431057799e+00
2.326490713587487935e+00 2.515491632970537683e+00
2.328934506353861345e+00 2.517282040624948092e+00
2.331378299120234754e+00 2.519072526988992422e+00
2.333822091886608163e+00 2.520863092589270771e+00
2.336265884652981573e+00 2.522653735830099109e+00
2.338709677419354982e+00 2.524444456240386714e+00
2.341153470185728391e+00 2.526235254407433573e+00
2.343597262952101801e+00 2.528026130902935265e+00
2.346041055718475210e+00 2.529817084392056881e+00
2.348484848484848619e+00 2.531608114099176188e+00
2.350928641251222029e+00 2.533399220604287461e+00
2.353372434017595438e+00 2.535190404485605065e+00
2.355816226783968848e+00 2.536981664819743187e+00
2.358260019550342257e+00 2.538773000417630321e+00
2.360703812316715666e+00 2.540564411849219884e+00
2.363147605083089076e+00 2.542355899685547538e+00
2.365591397849462485e+00 2.544147463458161784e+00
2.368035190615835894e+00 2.545939101594193676e+00
2.370478983382209304e+00 2.547730814594471038e+00
2.372922776148582713e+00 2.549522603022952083e+00
2.375366568914956122e+00 2.551314466830205685e+00
2.377810361681329532e+00 2.553106404205620183e+00
2.380254154447702941e+00 2.554898415471010154e+00
2.382697947214076351e+00 2.556690501183349618e+00
2.385141739980449760e+00 2.558482661632778488e+00
2.387585532746823169e+00 2.560274895003062934e+00
2.390029325513196579e+00 2.562067201284585316e+00
2.392473118279569988e+00 2.563859581027431389e+00
2.394916911045943397e+00 2.565652034732826436e+00
2.397360703812316807e+00 2.567444560908079154e+00
2.399804496578690216e+00 2.569237159011702687e+00
2.402248289345063625e+00 2.571029829586988669e+00
2.404692082111437035e+00 2.572822573175587380e+00
2.407135874877810444e+00 2.574615389008548583e+00
2.409579667644183854e+00 2.576408275795510239e+00
2.412023460410557263e+00 2.578201234060767622e+00
2.414467253176930672e+00 2.579994264339293686e+00
2.416911045943304082e+00 2.581787366554512353e+00
2.419354838709677491e+00 2.583580538941604221e+00
2.421798631476050900e+00 2.585373781810247351e+00
2.424242424242424310e+00 2.587167095688824414e+00
2.426686217008797719e+00 2.588960480953935939e+00
2.429130009775171128e+00 2.590753935913767236e+00
2.431573802541544538e+00 2.592547460355346001e+00
2.434017595307917947e+00 2.594341054800552548e+00
2.436461388074291357e+00 2.596134719769708887e+00
2.438905180840664766e+00 2.597928454329628156e+00
2.441348973607038175e+00 2.599722257370046918e+00
2.443792766373411585e+00 2.601516129405127664e+00
2.446236559139784994e+00 2.603310070948801958e+00
2.448680351906158403e+00 2.605104081956249651e+00
2.451124144672531813e+00 2.606898160677964871e+00
2.453567937438905222e+00 2.608692307383021269e+00
2.456011730205278631e+00 2.610486522579045232e+00
2.458455522971652041e+00 2.612280806705659764e+00
2.460899315738025450e+00 2.614075158247839870e+00
2.463343108504398860e+00 2.615869576759986881e+00
2.465786901270772269e+00 2.617664062743503717e+00
2.468230694037145678e+00 2.619458616698311815e+00
2.470674486803519088e+00 2.621253238188979040e+00
2.473118279569892497e+00 2.623047925702473915e+00
2.475562072336265906e+00 2.624842679666063994e+00
2.478005865102639316e+00 2.626637500573552941e+00
2.480449657869012725e+00 2.628432388746631432e+00
2.482893450635386134e+00 2.630227342512978073e+00
2.485337243401759544e+00 2.632022361706751745e+00
2.487781036168132953e+00 2.633817446815723162e+00
2.490224828934506363e+00 2.635612598326226408e+00
2.492668621700879772e+00 2.637407815625336216e+00
2.495112414467253181e+00 2.639203097357007088e+00
2.497556207233626591e+00 2.640998443974141185e+00
2.500000000000000000e+00 2.642793855957140003e+00
