0.000000000000000000e+00 0.000000000000000000e+00
2.443792766373411533e-03 1.596552586427850251e+01
4.887585532746823065e-03 6.334399740688775893e+01
7.331378299120235031e-03 1.413677130585160171e+02
9.775171065493646130e-03 2.492814448531224514e+02
1.221896383186705723e-02 3.863422696510989454e+02
1.466275659824047006e-02 5.518194024171757519e+02
1.710654936461387943e-02 7.449940315297237703e+02
1.955034213098729226e-02 9.651591560983674754e+02
2.199413489736070509e-02 1.211619425267057750e+03
2.443792766373411446e-02 1.483690979480020815e+03
2.688172043010752729e-02 1.780701293688227224e+03
2.932551319648094013e-02 2.101989022474269404e+03
3.176930596285434949e-02 2.446903847073794623e+03
3.421309872922775885e-02 2.814806324271842186e+03
3.665689149560117516e-02 3.205067737152712652e+03
3.910068426197458452e-02 3.617069947682178281e+03
4.154447702834799389e-02 4.050205251101126123e+03
4.398826979472141019e-02 4.503876232109914781e+03
4.643206256109481955e-02 4.977495622822952100e+03
4.887585532746822892e-02 5.470486162473272088e+03
5.131964809384164522e-02 5.982280458847021691e+03
5.376344086021505458e-02 6.512320851428074093e+03
5.620723362658846395e-02 7.060059276233161654e+03
5.865102639296188025e-02 7.624957132318111690e+03
6.109481915933528962e-02 8.206485149936028392e+03
6.353861192570869898e-02 8.804123260328446122e+03
6.598240469208210834e-02 9.417360467130680263e+03
6.842619745845551771e-02 1.004569471937283015e+04
7.086999022482894095e-02 1.068863278605805863e+04
7.331378299120235031e-02 1.134569013230000019e+04
7.575757575757575968e-02 1.201639079700136608e+04
7.820136852394916904e-02 1.270026727205592579e+04
8.064516129032257841e-02 1.339686038305634247e+04
8.308895405669598777e-02 1.410571917149049477e+04
8.553274682306939714e-02 1.482640077840902813e+04
8.797653958944282038e-02 1.555847032954726092e+04
9.042033235581622974e-02 1.630150082188446140e+04
9.286412512218963911e-02 1.705507301162407384e+04
9.530791788856304847e-02 1.781877530357828073e+04
9.775171065493645783e-02 1.859220364194067588e+04
1.001955034213098672e-01 1.937496140243105037e+04
1.026392961876832904e-01 2.016665928579626416e+04
1.050830889540566998e-01 2.096691521265149640e+04
1.075268817204301092e-01 2.177535421964642592e+04
1.099706744868035185e-01 2.259160835694074922e+04
1.124144672531769279e-01 2.341531658697394960e+04
1.148582600195503373e-01 2.424612468451430323e+04
1.173020527859237605e-01 2.508368513797206469e+04
1.197458455522971699e-01 2.592765705196223644e+04
1.221896383186705792e-01 2.677770605110235920e+04
1.246334310850439886e-01 2.763350418503084802e+04
1.270772238514173980e-01 2.849472983463169294e+04
1.295210166177908073e-01 2.936106761945135804e+04
1.319648093841642167e-01 3.023220830629408738e+04
1.344086021505376261e-01 3.110784871898167330e+04
1.368523949169110354e-01 3.198769164926419035e+04
1.392961876832844448e-01 3.287144576886813593e+04
1.417399804496578819e-01 3.375882554266870284e+04
1.441837732160312913e-01 3.464955114297298132e+04
1.466275659824047006e-01 3.554334836490103044e+04
1.490713587487781100e-01 3.643994854285205656e+04
1.515151515151515194e-01 3.733908846804271161e+04
1.539589442815249287e-01 3.824051030710515624e+04
1.564027370478983381e-01 3.914396152173229348e+04
1.588465298142717474e-01 4.004919478935782536e+04
1.612903225806451568e-01 4.095596792485903279e+04
1.637341153470185662e-01 4.186404380327012768e+04
1.661779081133919755e-01 4.277319028349439031e+04
1.686217008797653849e-01 4.368318013300304301e+04
1.710654936461387943e-01 4.459379095350956050e+04
1.735092864125122314e-01 4.550480510760758625e+04
1.759530791788856408e-01 4.641600964636116987e+04
1.783968719452590501e-01 4.732719623783612042e+04
1.808406647116324595e-01 4.823816109656118351e+04
1.832844574780058688e-01 4.914870491390810639e+04
1.857282502443792782e-01 5.005863278937967698e+04
1.881720430107526876e-01 5.096775416279504861e+04
1.906158357771260969e-01 5.187588274736136373e+04
1.930596285434995063e-01 5.278283646362164291e+04
1.955034213098729157e-01 5.368843737426806183e+04
1.979472140762463250e-01 5.459251161981050245e+04
2.003910068426197344e-01 5.549488935509035946e+04
2.028347996089931438e-01 5.639540468662901549e+04
2.052785923753665809e-01 5.729389561080168642e+04
2.077223851417399902e-01 5.819020395282613754e+04
2.101661779081133996e-01 5.908417530655720475e+04
2.126099706744868090e-01 5.997565897507667978e+04
2.150537634408602183e-01 6.086450791206982103e+04
2.174975562072336277e-01 6.175057866397852922e+04
2.199413489736070371e-01 6.263373131292220205e+04
2.223851417399804464e-01 6.351382942037678004e+04
2.248289345063538558e-01 6.439073997160315048e+04
2.272727272727272652e-01 6.526433332081574190e+04
2.297165200391006745e-01 6.613448313708242495e+04
2.321603128054740839e-01 6.700106635094688681e+04
2.346041055718475210e-01 6.786396310176506813e+04
2.370478983382209304e-01 6.872305668574648735e+04
2.394916911045943397e-01 6.957823350469251454e+04
2.419354838709677491e-01 7.042938301542293630e+04
2.443792766373411585e-01 7.127639767988237145e+04
2.468230694037145678e-01 7.211917291591854882e+04
2.492668621700879772e-01 7.295760704872431234e+04
2.517106549364613866e-01 7.379160126293500070e+04
2.541544477028347959e-01 7.462105955537363479e+04
2.565982404692082053e-01 7.544588868843592354e+04
2.590420332355816146e-01 7.626599814410720137e+04
2.614858260019550240e-01 7.708130007860370097e+04
2.639296187683284334e-01 7.789170927763081272e+04
2.663734115347018427e-01 7.869714311225016718e+04
2.688172043010752521e-01 7.949752149534900673e+04
2.712609970674486615e-01 8.029276683870371198e+04
2.737047898338220708e-01 8.108280401063075988e+04
2.761485826001954802e-01 8.186756029421754647e+04
2.785923753665688896e-01 8.264696534612645337e+04
2.810361681329422989e-01 8.342095115596463438e+04
2.834799608993157638e-01 8.418945200621300319e+04
2.859237536656891732e-01 8.495240443270717515e+04
2.883675464320625825e-01 8.570974718566414958e+04
2.908113391984359919e-01 8.646142119124747114e+04
2.932551319648094013e-01 8.720736951366456924e+04
2.956989247311828106e-01 8.794753731778949441e+04
2.981427174975562200e-01 8.868187183230508526e+04
3.005865102639296293e-01 8.941032231335736287e+04
3.030303030303030387e-01 9.013284000871679746e+04
3.054740957966764481e-01 9.084937812243918597e+04
3.079178885630498574e-01 9.155989178002091649e+04
3.103616813294232668e-01 9.226433799404164893e+04
3.128054740957966762e-01 9.296267563028914446e+04
3.152492668621700855e-01 9.365486537435975333e+04
3.176930596285434949e-01 9.434086969872872578e+04
3.201368523949169043e-01 9.502065283028496196e+04
3.225806451612903136e-01 9.569418071832359419e+04
3.250244379276637230e-01 9.636142100299161393e+04
3.274682306940371324e-01 9.702234298418040271e+04
3.299120234604105417e-01 9.767691759085950616e+04
3.323558162267839511e-01 9.832511735084647080e+04
3.347996089931573604e-01 9.896691636100724281e+04
3.372434017595307698e-01 9.960229025788162835e+04
3.396871945259041792e-01 1.002312161887282127e+05
3.421309872922775885e-01 1.008536727829844313e+05
3.445747800586510534e-01 1.014696401241354906e+05
3.470185728250244628e-01 1.020790997219875280e+05
3.494623655913978721e-01 1.026820344853403367e+05
3.519061583577712815e-01 1.032784286950536334e+05
3.543499511241446909e-01 1.038682679775027646e+05
3.567937438905181002e-01 1.044515392784187425e+05
3.592375366568915096e-01 1.050282308371077233e+05
3.616813294232649190e-01 1.055983321610445273e+05
3.641251221896383283e-01 1.061618340008370869e+05
3.665689149560117377e-01 1.067187283255551447e+05
3.690127077223851471e-01 1.072690082984200126e+05
3.714565004887585564e-01 1.078126682528504316e+05
3.739002932551319658e-01 1.083497036688597436e+05
3.763440860215053752e-01 1.088801111497999518e+05
3.787878787878787845e-01 1.094038883994489443e+05
3.812316715542521939e-01 1.099210341994354239e+05
3.836754643206256032e-01 1.104315483869982272e+05
3.861192570869990126e-01 1.109354318330750684e+05
3.885630498533724220e-01 1.114326864207170001e+05
3.910068426197458313e-01 1.119233150238240487e+05
3.934506353861192407e-01 1.124073214861981105e+05
3.958944281524926501e-01 1.128847106009092531e+05
3.983382209188660594e-01 1.133554880899707059e+05
4.007820136852394688e-01 1.138196605843194557e+05
4.032258064516128782e-01 1.142772356040979648e+05
4.056695992179862875e-01 1.147282215392331273e+05
4.081133919843597524e-01 1.151726276303091436e+05
4.105571847507331618e-01 1.156104639497296739e+05
4.130009775171065711e-01 1.160417413831664890e+05
4.154447702834799805e-01 1.164664716112903116e+05
4.178885630498533899e-01 1.168846670917800220e+05
4.203323558162267992e-01 1.172963410416074912e+05
4.227761485826002086e-01 1.177015074195935158e+05
4.252199413489736179e-01 1.181001809092319018e+05
4.276637341153470273e-01 1.184923769017779559e+05
4.301075268817204367e-01 1.188781114795980830e+05
4.325513196480938460e-01 1.192574013997771399e+05
4.349951124144672554e-01 1.196302640779799258e+05
4.374389051808406648e-01 1.199967175725636189e+05
4.398826979472140741e-01 1.203567805689380912e+05
4.423264907135874835e-01 1.207104723641706078e+05
4.447702834799608929e-01 1.210578128518315789e+05
4.472140762463343022e-01 1.213988225070786866e+05
4.496578690127077116e-01 1.217335223719757341e+05
4.521016617790811210e-01 1.220619340410434525e+05
4.545454545454545303e-01 1.223840796470390778e+05
4.569892473118279397e-01 1.226999818469617312e+05
4.594330400782013490e-01 1.230096638082806603e+05
4.618768328445747584e-01 1.233131491953830555e+05
4.643206256109481678e-01 1.236104621562392567e+05
4.667644183773215771e-01 1.239016273092816991e+05
4.692082111436950420e-01 1.241866697304950503e+05
4.716520039100684514e-01 1.244656149407151388e+05
4.740957966764418607e-01 1.247384888931330061e+05
4.765395894428152701e-01 1.250053179610022489e+05
4.789833822091886795e-01 1.252661289255465090e+05
4.814271749755620888e-01 1.255209489640641841e+05
4.838709677419354982e-01 1.257698056382283685e+05
4.863147605083089076e-01 1.260127268825788342e+05
4.887585532746823169e-01 1.262497409932038281e+05
4.912023460410557263e-01 1.264808766166088171e+05
4.936461388074291357e-01 1.267061627387700864e+05
4.960899315738025450e-01 1.269256286743702804e+05
4.985337243401759544e-01 1.271393040562135138e+05
5.009775171065493637e-01 1.273472188248181483e+05
5.034213098729227731e-01 1.275494032181838556e+05
5.058651026392961825e-01 1.277458877617315011e+05
5.083088954056695918e-01 1.279367032584131521e+05
5.107526881720430012e-01 1.281218807789895800e+05
5.131964809384164106e-01 1.283014516524737846e+05
5.156402737047898199e-01 1.284754474567373109e+05
5.180840664711632293e-01 1.286439000092779024e+05
5.205278592375366387e-01 1.288068413581458444e+05
5.229716520039100480e-01 1.289643037730271317e+05
5.254154447702834574e-01 1.291163197364809748e+05
5.278592375366568668e-01 1.292629219353296648e+05
5.303030303030302761e-01 1.294041432521989482e+05
5.327468230694036855e-01 1.295400167572066421e+05
5.351906158357770948e-01 1.296705756997968710e+05
5.376344086021505042e-01 1.297958535007193277e+05
5.400782013685239136e-01 1.299158837441499054e+05
5.425219941348973229e-01 1.300307001699520188e+05
5.449657869012707323e-01 1.301403366660758620e+05
5.474095796676441417e-01 1.302448272610943532e+05
5.498533724340175510e-01 1.303442061168728396e+05
5.522971652003909604e-01 1.304385075213721284e+05
5.547409579667643698e-01 1.305277658815816249e+05
5.571847507331377791e-01 1.306120157165815763e+05
5.596285434995111885e-01 1.306912916507322370e+05
5.620723362658845979e-01 1.307656284069884568e+05
5.645161290322581182e-01 1.308350608003375819e+05
5.669599217986315276e-01 1.308996237313592574e+05
5.694037145650049370e-01 1.309593521799051668e+05
5.718475073313783463e-01 1.310142811988971516e+05
5.742913000977517557e-01 1.310644459082418907e+05
5.767350928641251651e-01 1.311098814888608176e+05
5.791788856304985744e-01 1.311506231768331490e+05
5.816226783968719838e-01 1.311867062576508033e+05
5.840664711632453932e-01 1.312181660605833167e+05
5.865102639296188025e-01 1.312450379531515646e+05
5.889540566959922119e-01 1.312673573357084533e+05
5.913978494623656212e-01 1.312851596361247357e+05
5.938416422287390306e-01 1.312984803045793087e+05
5.962854349951124400e-01 1.313073548084518407e+05
5.987292277614858493e-01 1.313118186273158935e+05
6.011730205278592587e-01 1.313119072480324830e+05
6.036168132942326681e-01 1.313076561599406414e+05
6.060606060606060774e-01 1.312991008501458273e+05
6.085043988269794868e-01 1.312862767989023414e+05
6.109481915933528962e-01 1.312692194750906201e+05
6.133919843597263055e-01 1.312479643317865848e+05
6.158357771260997149e-01 1.312225468019219988e+05
6.182795698924731242e-01 1.311930022940348135e+05
6.207233626588465336e-01 1.311593661881082226e+05
6.231671554252199430e-01 1.311216738314962713e+05
6.256109481915933523e-01 1.310799605349357880e+05
6.280547409579667617e-01 1.310342615686432400e+05
6.304985337243401711e-01 1.309846121584940265e+05
6.329423264907135804e-01 1.309310474822847173e+05
6.353861192570869898e-01 1.308736026660760108e+05
6.378299120234603992e-01 1.308123127806150733e+05
6.402737047898338085e-01 1.307472128378365742e+05
6.427174975562072179e-01 1.306783377874414000e+05
6.451612903225806273e-01 1.306057225135508343e+05
6.476050830889540366e-01 1.305294018314361601e+05
6.500488758553274460e-01 1.304494104843224632e+05
6.524926686217008553e-01 1.303657831402643351e+05
6.549364613880742647e-01 1.302785543890940316e+05
6.573802541544476741e-01 1.301877587394400616e+05
6.598240469208210834e-01 1.300934306158147519e+05
6.622678396871944928e-01 1.299956043557709345e+05
6.647116324535679022e-01 1.298943142071257316e+05
6.671554252199413115e-01 1.297895943252504367e+05
6.695992179863147209e-01 1.296814787704262853e+05
6.720430107526881303e-01 1.295700015052641975e+05
6.744868035190615396e-01 1.294551963921877468e+05
6.769305962854349490e-01 1.293370971909787768e+05
6.793743890518083584e-01 1.292157375563845126e+05
6.818181818181817677e-01 1.290911510357844236e+05
6.842619745845551771e-01 1.289633710669173452e+05
6.867057673509285864e-01 1.288324309756668517e+05
6.891495601173021068e-01 1.286983639739040809e+05
6.915933528836755162e-01 1.285612031573875283e+05
6.940371456500489256e-01 1.284209815037187363e+05
6.964809384164223349e-01 1.282777318703526107e+05
6.989247311827957443e-01 1.281314869926620595e+05
7.013685239491691537e-01 1.279822794820560230e+05
7.038123167155425630e-01 1.278301418241493666e+05
7.062561094819159724e-01 1.276751063769846514e+05
7.086999022482893817e-01 1.275172053693048365e+05
7.111436950146627911e-01 1.273564708988751954e+05
7.135874877810362005e-01 1.271929349308549135e+05
7.160312805474096098e-01 1.270266292962168955e+05
7.184750733137830192e-01 1.268575856902147207e+05
7.209188660801564286e-01 1.266858356708966312e+05
7.233626588465298379e-01 1.265114106576656195e+05
7.258064516129032473e-01 1.263343419298843510e+05
7.282502443792766567e-01 1.261546606255246734e+05
7.306940371456500660e-01 1.259723977398614079e+05
7.331378299120234754e-01 1.257875841242081369e+05
7.355816226783968848e-01 1.256002504846960364e+05
7.380254154447702941e-01 1.254104273810945160e+05
7.404692082111437035e-01 1.252181452256718185e+05
7.429130009775171128e-01 1.250234342820966995e+05
7.453567937438905222e-01 1.248263246643794555e+05
7.478005865102639316e-01 1.246268463358514709e+05
7.502443792766373409e-01 1.244250291081833857e+05
7.526881720430107503e-01 1.242209026404408069e+05
7.551319648093841597e-01 1.240144964381766331e+05
7.575757575757575690e-01 1.238058398525599187e+05
7.600195503421309784e-01 1.235949620795406518e+05
7.624633431085043878e-01 1.233818921590490063e+05
7.649071358748777971e-01 1.231666589742294309e+05
7.673509286412512065e-01 1.229492912507088768e+05
7.697947214076246158e-01 1.227298175558974763e+05
7.722385141739980252e-01 1.225082662983225600e+05
7.746823069403714346e-01 1.222846657269950229e+05
7.771260997067448439e-01 1.220590439308061905e+05
7.795698924731182533e-01 1.218314288379567151e+05
7.820136852394916627e-01 1.216018482154155645e+05
7.844574780058650720e-01 1.213703296684086672e+05
7.869012707722384814e-01 1.211369006399371428e+05
7.893450635386118908e-01 1.209015884103246208e+05
7.917888563049853001e-01 1.206644200967923098e+05
7.942326490713587095e-01 1.204254226530621963e+05
7.966764418377321189e-01 1.201846228689877462e+05
7.991202346041055282e-01 1.199420473702109011e+05
8.015640273704789376e-01 1.196977226178456622e+05
8.040078201368523469e-01 1.194516749081877788e+05
8.064516129032257563e-01 1.192039303724491183e+05
8.088954056695991657e-01 1.189545149765174283e+05
8.113391984359725750e-01 1.187034545207404881e+05
8.137829912023460954e-01 1.184507746397336741e+05
8.162267839687195048e-01 1.181965008022118709e+05
8.186705767350929142e-01 1.179406583108436171e+05
8.211143695014663235e-01 1.176832723021284764e+05
8.235581622678397329e-01 1.174243677462961059e+05
8.260019550342131422e-01 1.171639694472274423e+05
8.284457478005865516e-01 1.169021020423971204e+05
8.308895405669599610e-01 1.166387900028366130e+05
8.333333333333333703e-01 1.163740576331180782e+05
8.357771260997067797e-01 1.161079290713583323e+05
8.382209188660801891e-01 1.158404282892423798e+05
8.406647116324535984e-01 1.155715790920663276e+05
8.431085043988270078e-01 1.153014051187993464e+05
8.455522971652004172e-01 1.150299298421639396e+05
8.479960899315738265e-01 1.147571765687345178e+05
8.504398826979472359e-01 1.144831684390539594e+05
8.528836754643206453e-01 1.142079284277671832e+05
8.553274682306940546e-01 1.139314793437721382e+05
8.577712609970674640e-01 1.136538438303876028e+05
8.602150537634408733e-01 1.133750443655369163e+05
8.626588465298142827e-01 1.130951032619481557e+05
8.651026392961876921e-01 1.128140426673699985e+05
8.675464320625611014e-01 1.125318845648025745e+05
8.699902248289345108e-01 1.122486507727437711e+05
8.724340175953079202e-01 1.119643629454501934e+05
8.748778103616813295e-01 1.116790425732121803e+05
8.773216031280547389e-01 1.113927109826431988e+05
8.797653958944281483e-01 1.111053893369832076e+05
8.822091886608015576e-01 1.108170986364148412e+05
8.846529814271749670e-01 1.105278597183933161e+05
8.870967741935483764e-01 1.102376932579892891e+05
8.895405669599217857e-01 1.099466197682435886e+05
8.919843597262951951e-01 1.096546596005349857e+05
8.944281524926686044e-01 1.093618329449596349e+05
8.968719452590420138e-01 1.090681598307223321e+05
8.993157380254154232e-01 1.087736601265389763e+05
9.017595307917888325e-01 1.084783535410508048e+05
9.042033235581622419e-01 1.081822596232488722e+05
9.066471163245356513e-01 1.078853977629095316e+05
9.090909090909090606e-01 1.075877871910405520e+05
9.115347018572824700e-01 1.072894469803367683e+05
9.139784946236558794e-01 1.069903960456461646e+05
9.164222873900292887e-01 1.066906531444454013e+05
9.188660801564026981e-01 1.063902368773247144e+05
9.213098729227761075e-01 1.060891656884821132e+05
9.237536656891495168e-01 1.057874578662264685e+05
9.261974584555229262e-01 1.054851315434891003e+05
9.286412512218963355e-01 1.051822046983441251e+05
9.310850439882697449e-01 1.048786951545371994e+05
9.335288367546431543e-01 1.045746205820215837e+05
9.359726295210165636e-01 1.042699984975027619e+05
9.384164222873900840e-01 1.039648462649904395e+05
9.408602150537634934e-01 1.036591810963577154e+05
9.433040078201369028e-01 1.033530200519076752e+05
9.457478005865103121e-01 1.030463800409468677e+05
9.481915933528837215e-01 1.027392778223656787e+05
9.506353861192571308e-01 1.024317300052249338e+05
9.530791788856305402e-01 1.021237530493495869e+05
9.555229716520039496e-01 1.018153632659276773e+05
9.579667644183773589e-01 1.015065768181160529e+05
9.604105571847507683e-01 1.011974097216517985e+05
9.628543499511241777e-01 1.008878778454686835e+05
9.652981427174975870e-01 1.005779969123199990e+05
9.677419354838709964e-01 1.002677824994061084e+05
9.701857282502444058e-01 9.995725003900703450e+04
9.726295210166178151e-01 9.964641481912034214e+04
9.750733137829912245e-01 9.933529198410386743e+04
9.775171065493646338e-01 9.902389653532234661e+04
9.799608993157380432e-01 9.871224333179928362e+04
9.824046920821114526e-01 9.840034709087297961e+04
9.848484848484848619e-01 9.808822238885601109e+04
9.872922776148582713e-01 9.777588366169962683e+04
9.897360703812316807e-01 9.746334520566150604e+04
9.921798631476050900e-01 9.715062117797698011e+04
9.946236559139784994e-01 9.683772559753418318e+04
9.970674486803519088e-01 9.652467234555263713e+04
9.995112414467253181e-01 9.621147516626458673e+04
1.001955034213098727e+00 9.589814766759976919e+04
1.004398826979472137e+00 9.558470332187348686e+04
1.006842619745845546e+00 9.527115546647671727e+04
1.009286412512218956e+00 9.495751730456961377e+04
1.011730205278592365e+00 9.464380190577739268e+04
1.014173998044965774e+00 9.433002220688837406e+04
1.016617790811339184e+00 9.401619101255481655e+04
1.019061583577712593e+00 9.370232099599561479e+04
1.021505376344086002e+00 9.338842469970123784e+04
1.023949169110459412e+00 9.307451453614047205e+04
1.026392961876832821e+00 9.276060278846923029e+04
1.028836754643206230e+00 9.244670161124083097e+04
1.031280547409579640e+00 9.213282303111806687e+04
1.033724340175953049e+00 9.181897894758688926e+04
1.036168132942326459e+00 9.150518113367109618e+04
1.038611925708699868e+00 9.119144123664857761e+04
1.041055718475073277e+00 9.087777077876905969e+04
1.043499511241446687e+00 9.056418115797203791e+04
1.045943304007820096e+00 9.025068364860658767e+04
1.048387096774193505e+00 8.993728940215182956e+04
1.050830889540566915e+00 8.962400944793765666e+04
1.053274682306940324e+00 8.931085469386685872e+04
1.055718475073313734e+00 8.899783592713753751e+04
1.058162267839687143e+00 8.868496381496582762e+04
1.060606060606060552e+00 8.837224890530941775e+04
1.063049853372433962e+00 8.805970162759118830e+04
1.065493646138807371e+00 8.774733229342305276e+04
1.067937438905180780e+00 8.743515109732995916e+04
1.070381231671554190e+00 8.712316811747425527e+04
1.072825024437927599e+00 8.681139331637953001e+04
1.075268817204301008e+00 8.649983654165478947e+04
1.077712609970674418e+00 8.618850752671835653e+04
1.080156402737047827e+00 8.587741589152126107e+04
1.082600195503421237e+00 8.556657114327080490e+04
1.085043988269794646e+00 8.525598267715325346e+04
1.087487781036168055e+00 8.494565977705635305e+04
1.089931573802541465e+00 8.463561161629107664e+04
1.092375366568914874e+00 8.432584725831322430e+04
1.094819159335288283e+00 8.401637565744356834e+04
1.097262952101661693e+00 8.370720565958798397e+04
1.099706744868035102e+00 8.339834600295651762e+04
1.102150537634408511e+00 8.308980531878137845e+04
1.104594330400781921e+00 8.278159213203423133e+04
1.107038123167155330e+00 8.247371486214251490e+04
1.109481915933528740e+00 8.216618182370446448e+04
1.111925708699902149e+00 8.185900122720323270e+04
1.114369501466275558e+00 8.155218117971983156e+04
1.116813294232648968e+00 8.124572968564461917e+04
1.119257086999022377e+00 8.093965464738778246e+04
1.121700879765395786e+00 8.063396386608832108e+04
1.124144672531769196e+00 8.032866504232163425e+04
1.126588465298142827e+00 8.002376577680568153e+04
1.129032258064516236e+00 7.971927357110574667e+04
1.131476050830889646e+00 7.941519582833754248e+04
1.133919843597263055e+00 7.911153985386868590e+04
1.136363636363636465e+00 7.880831285601858690e+04
1.138807429130009874e+00 7.850552194675680948e+04
1.141251221896383283e+00 7.820317414239942445e+04
1.143695014662756693e+00 7.790127636430367420e+04
1.146138807429130102e+00 7.759983543956103676e+04
1.148582600195503511e+00 7.729885810168809257e+04
1.151026392961876921e+00 7.699835099131564493e+04
1.153470185728250330e+00 7.669832065687607974e+04
1.155913978494623739e+00 7.639877355528836779e+04
1.158357771260997149e+00 7.609971605264127720e+04
1.160801564027370558e+00 7.580115442487475229e+04
1.163245356793743968e+00 7.550309485845858580e+04
1.165689149560117377e+00 7.520554345106954861e+04
1.168132942326490786e+00 7.490850621226620569e+04
1.170576735092864196e+00 7.461198906416124373e+04
1.173020527859237605e+00 7.431599784209200880e+04
1.175464320625611014e+00 7.402053829528859933e+04
1.177908113391984424e+00 7.372561608753945620e+04
1.180351906158357833e+00 7.343123679785497370e+04
1.182795698924731242e+00 7.313740592112872400e+04
1.185239491691104652e+00 7.284412886879597500e+04
1.187683284457478061e+00 7.255141096949018538e+04
1.190127077223851471e+00 7.225925746969696775e+04
1.192570869990224880e+00 7.196767353440538864e+04
1.195014662756598289e+00 7.167666424775707128e+04
1.197458455522971699e+00 7.138623461369269353e+04
1.199902248289345108e+00 7.109638955659582280e+04
1.202346041055718517e+00 7.080713392193442269e+04
1.204789833822091927e+00 7.051847247689959477e+04
1.207233626588465336e+00 7.023040991104191926e+04
1.209677419354838745e+00 6.994295083690497268e+04
1.212121212121212155e+00 6.965609979065618245e+04
1.214565004887585564e+00 6.936986123271552788e+04
1.217008797653958974e+00 6.908423954838090867e+04
1.219452590420332383e+00 6.879923904845092329e+04
1.221896383186705792e+00 6.851486396984555176e+04
1.224340175953079202e+00 6.823111847622347705e+04
1.226783968719452611e+00 6.794800665859659784e+04
1.229227761485826020e+00 6.766553253594248963e+04
1.231671554252199430e+00 6.738370005581344594e+04
1.234115347018572839e+00 6.710251309494271118e+04
1.236559139784946248e+00 6.682197545984848693e+04
1.239002932551319658e+00 6.654209088743467873e+04
1.241446725317693067e+00 6.626286304558855772e+04
1.243890518084066477e+00 6.598429553377644334e+04
1.246334310850439886e+00 6.570639188363571884e+04
1.248778103616813295e+00 6.542915555956416938e+04
1.251221896383186705e+00 6.515258995930680976e+04
1.253665689149560114e+00 6.487669841453952540e+04
1.256109481915933523e+00 6.460148419144956279e+04
1.258553274682306933e+00 6.432695049131384440e+04
1.260997067448680342e+00 6.405310045107370388e+04
1.263440860215053752e+00 6.377993714390681998e+04
1.265884652981427161e+00 6.350746357979664026e+04
1.268328445747800570e+00 6.323568270609839965e+04
1.270772238514173980e+00 6.296459740810224321e+04
1.273216031280547389e+00 6.269421050959378772e+04
1.275659824046920798e+00 6.242452477341130725e+04
1.278103616813294208e+00 6.215554290199997922e+04
1.280547409579667617e+00 6.188726753796359844e+04
1.282991202346041026e+00 6.161970126461283508e+04
1.285434995112414436e+00 6.135284660651057493e+04
1.287878787878787845e+00 6.108670603001471318e+04
1.290322580645161255e+00 6.082128194381747744e+04
1.292766373411534664e+00 6.055657669948177499e+04
1.295210166177908073e+00 6.029259259197510983e+04
1.297653958944281483e+00 6.002933186019988352e+04
1.300097751710654892e+00 5.976679668752080761e+04
1.302541544477028301e+00 5.950498920228976931e+04
1.304985337243401711e+00 5.924391147836722666e+04
1.307429130009775120e+00 5.898356553564062051e+04
1.309872922776148529e+00 5.872395334054021077e+04
1.312316715542521939e+00 5.846507680655153672e+04
1.314760508308895348e+00 5.820693779472473398e+04
1.317204301075268758e+00 5.794953811418151599e+04
1.319648093841642167e+00 5.769287952261849568e+04
1.322091886608015576e+00 5.743696372680764762e+04
1.324535679374388986e+00 5.718179238309422362e+04
1.326979472140762395e+00 5.692736709789105953e+04
1.329423264907135804e+00 5.667368942817016068e+04
1.331867057673509214e+00 5.642076088195150805e+04
1.334310850439882623e+00 5.616858291878854652e+04
1.336754643206256032e+00 5.591715695025071909e+04
1.339198435972629442e+00 5.566648434040330176e+04
1.341642228739002851e+00 5.541656640628400783e+04
1.344086021505376261e+00 5.516740441837650724e+04
1.346529814271749670e+00 5.491899960108145751e+04
1.348973607038123079e+00 5.467135313318407134e+04
1.351417399804496489e+00 5.442446614831881743e+04
1.353861192570869898e+00 5.417833973543146567e+04
1.356304985337243307e+00 5.393297493923794536e+04
1.358748778103616717e+00 5.368837276067997300e+04
1.361192570869990126e+00 5.344453415737845353e+04
1.363636363636363535e+00 5.320146004408329463e+04
1.366080156402736945e+00 5.295915129312040517e+04
1.368523949169110354e+00 5.271760873483618343e+04
1.370967741935483764e+00 5.247683315803858568e+04
1.373411534701857173e+00 5.223682531043537165e+04
1.375855327468230804e+00 5.199758589906976704e+04
1.378299120234604214e+00 5.175911559075296100e+04
1.380742913000977623e+00 5.152141501249344583e+04
1.383186705767351032e+00 5.128448475192414480e+04
1.385630498533724442e+00 5.104832535772609117e+04
1.388074291300097851e+00 5.081293734004929138e+04
1.390518084066471260e+00 5.057832117093109264e+04
1.392961876832844670e+00 5.034447728471132723e+04
1.395405669599218079e+00 5.011140607844456827e+04
1.397849462365591489e+00 4.987910791230991890e+04
1.400293255131964898e+00 4.964758311001765105e+04
1.402737047898338307e+00 4.941683195921290462e+04
1.405180840664711717e+00 4.918685471187705843e+04
1.407624633431085126e+00 4.895765158472581970e+04
1.410068426197458535e+00 4.872922275960458501e+04
1.412512218963831945e+00 4.850156838388132019e+04
1.414956011730205354e+00 4.827468857083623152e+04
1.417399804496578763e+00 4.804858340004889033e+04
1.419843597262952173e+00 4.782325291778265091e+04
1.422287390029325582e+00 4.759869713736612903e+04
1.424731182795698992e+00 4.737491603957195912e+04
1.427174975562072401e+00 4.715190957299296861e+04
1.429618768328445810e+00 4.692967765441550728e+04
1.432062561094819220e+00 4.670822016918987356e+04
1.434506353861192629e+00 4.648753697159851436e+04
1.436950146627566038e+00 4.626762788522103074e+04
1.439393939393939448e+00 4.604849270329657884e+04
1.441837732160312857e+00 4.583013118908402976e+04
1.444281524926686266e+00 4.561254307621883345e+04
1.446725317693059676e+00 4.539572806906755432e+04
1.449169110459433085e+00 4.517968584307979472e+04
1.451612903225806495e+00 4.496441604513741186e+04
1.454056695992179904e+00 4.474991829390082421e+04
1.456500488758553313e+00 4.453619218015330262e+04
1.458944281524926723e+00 4.432323726714212535e+04
1.461388074291300132e+00 4.411105309091721574e+04
1.463831867057673541e+00 4.389963916066749516e+04
1.466275659824046951e+00 4.368899495905436925e+04
1.468719452590420360e+00 4.347911994254258025e+04
1.471163245356793770e+00 4.327001354172889114e+04
1.473607038123167179e+00 4.306167516166788846e+04
1.476050830889540588e+00 4.285410418219519488e+04
1.478494623655913998e+00 4.264729995824856451e+04
1.480938416422287407e+00 4.244126182018612599e+04
1.483382209188660816e+00 4.223598907410200627e+04
1.485826001955034226e+00 4.203148100214001170e+04
1.488269794721407635e+00 4.182773686280429683e+04
1.490713587487781044e+00 4.162475589126771229e+04
1.493157380254154454e+00 4.142253729967790423e+04
1.495601173020527863e+00 4.122108027746075095e+04
1.498044965786901273e+00 4.102038399162128917e+04
1.500488758553274682e+00 4.082044758704261039e+04
1.502932551319648091e+00 4.062127018678197783e+04
1.505376344086021501e+00 4.042285089236453496e+04
1.507820136852394910e+00 4.022518878407502780e+04
1.510263929618768319e+00 4.002828292124670406e+04
1.512707722385141729e+00 3.983213234254800773e+04
1.515151515151515138e+00 3.963673606626710534e+04
1.517595307917888547e+00 3.944209309059385851e+04
1.520039100684261957e+00 3.924820239389935159e+04
1.522482893450635366e+00 3.905506293501357140e+04
1.524926686217008776e+00 3.886267365350032196e+04
1.527370478983382185e+00 3.867103346992998559e+04
1.529814271749755594e+00 3.848014128615015215e+04
1.532258064516129004e+00 3.828999598555386910e+04
1.534701857282502413e+00 3.810059643334543944e+04
1.537145650048875822e+00 3.791194147680446622e+04
1.539589442815249232e+00 3.772402994554717588e+04
1.542033235581622641e+00 3.753686065178568970e+04
1.544477028347996050e+00 3.735043239058525796e+04
1.546920821114369460e+00 3.716474394011912227e+04
1.549364613880742869e+00 3.697979406192104943e+04
1.551808406647116279e+00 3.679558150113612646e+04
1.554252199413489688e+00 3.661210498676903080e+04
1.556695992179863097e+00 3.642936323193014687e+04
1.559139784946236507e+00 3.624735493407986360e+04
1.561583577712609916e+00 3.606607877527045639e+04
1.564027370478983325e+00 3.588553342238583718e+04
1.566471163245356735e+00 3.570571752737953648e+04
1.568914956011730144e+00 3.552662972751025518e+04
1.571358748778103553e+00 3.534826864557535009e+04
1.573802541544476963e+00 3.517063289014260226e+04
1.576246334310850372e+00 3.499372105577956245e+04
1.578690127077223782e+00 3.481753172328091023e+04
1.581133919843597191e+00 3.464206345989407419e+04
1.583577712609970600e+00 3.446731481954249466e+04
1.586021505376344010e+00 3.429328434304696566e+04
1.588465298142717419e+00 3.411997055834515777e+04
1.590909090909090828e+00 3.394737198070902377e+04
1.593352883675464238e+00 3.377548711296009424e+04
1.595796676441837647e+00 3.360431444568320876e+04
1.598240469208211056e+00 3.343385245743788255e+04
1.600684261974584466e+00 3.326409961496794131e+04
1.603128054740957875e+00 3.309505437340931530e+04
1.605571847507331285e+00 3.292671517649578891e+04
1.608015640273704694e+00 3.275908045676273105e+04
1.610459433040078103e+00 3.259214863574935953e+04
1.612903225806451513e+00 3.242591812419869530e+04
1.615347018572824922e+00 3.226038732225580316e+04
1.617790811339198331e+00 3.209555461966434814e+04
1.620234604105571741e+00 3.193141839596106729e+04
1.622678396871945150e+00 3.176797702066848069e+04
1.625122189638318781e+00 3.160522885348596174e+04
1.627565982404692191e+00 3.144317224447870103e+04
1.630009775171065600e+00 3.128180553426519691e+04
1.632453567937439010e+00 3.112112705420269413e+04
1.634897360703812419e+00 3.096113512657095271e+04
1.637341153470185828e+00 3.080182806475439429e+04
1.639784946236559238e+00 3.064320417342229484e+04
1.642228739002932647e+00 3.048526174870728209e+04
1.644672531769306056e+00 3.032799907838226500e+04
1.647116324535679466e+00 3.017141444203549690e+04
1.649560117302052875e+00 3.001550611124387433e+04
1.652003910068426284e+00 2.986027234974486055e+04
1.654447702834799694e+00 2.970571141360634647e+04
1.656891495601173103e+00 2.955182155139503811e+04
1.659335288367546513e+00 2.939860100434327978e+04
1.661779081133919922e+00 2.924604800651403275e+04
1.664222873900293331e+00 2.909416078496425325e+04
1.666666666666666741e+00 2.894293755990684440e+04
1.669110459433040150e+00 2.879237654487077816e+04
1.671554252199413559e+00 2.864247594685962758e+04
1.673998044965786969e+00 2.849323396650869108e+04
1.676441837732160378e+00 2.834464879824040327e+04
1.678885630498533788e+00 2.819671863041805773e+04
1.681329423264907197e+00 2.804944164549828929e+04
1.683773216031280606e+00 2.790281602018177364e+04
1.686217008797654016e+00 2.775683992556233352e+04
1.688660801564027425e+00 2.761151152727481167e+04
1.691104594330400834e+00 2.746682898564116840e+04
1.693548387096774244e+00 2.732279045581509490e+04
1.695992179863147653e+00 2.717939408792533504e+04
1.698435972629521062e+00 2.703663802721731190e+04
1.700879765395894472e+00 2.689452041419332454e+04
1.703323558162267881e+00 2.675303938475142786e+04
1.705767350928641291e+00 2.661219307032266079e+04
1.708211143695014700e+00 2.647197959800692479e+04
1.710654936461388109e+00 2.633239709070752724e+04
1.713098729227761519e+00 2.619344366726413500e+04
1.715542521994134928e+00 2.605511744258436011e+04
1.717986314760508337e+00 2.591741652777411582e+04
1.720430107526881747e+00 2.578033903026635380e+04
1.722873900293255156e+00 2.564388305394849522e+04
1.725317693059628565e+00 2.550804669928861040e+04
1.727761485826001975e+00 2.537282806346011785e+04
1.730205278592375384e+00 2.523822524046509716e+04
1.732649071358748794e+00 2.510423632125643053e+04
1.735092864125122203e+00 2.497085939385850361e+04
1.737536656891495612e+00 2.483809254348649119e+04
1.739980449657869022e+00 2.470593385266461337e+04
1.742424242424242431e+00 2.457438140134283458e+04
1.744868035190615840e+00 2.444343326701232581e+04
1.747311827956989250e+00 2.431308752481979536e+04
1.749755620723362659e+00 2.418334224768039712e+04
1.752199413489736068e+00 2.405419550638934015e+04
1.754643206256109478e+00 2.392564536973247596e+04
1.757086999022482887e+00 2.379768990459544875e+04
1.759530791788856297e+00 2.367032717607157247e+04
1.761974584555229706e+00 2.354355524756873638e+04
1.764418377321603115e+00 2.341737218091488103e+04
1.766862170087976525e+00 2.329177603646225543e+04
1.769305962854349934e+00 2.316676487319069565e+04
1.771749755620723343e+00 2.304233674880952458e+04
1.774193548387096753e+00 2.291848971985826938e+04
1.776637341153470162e+00 2.279522184180640761e+04
1.779081133919843571e+00 2.267253116915175633e+04
1.781524926686216981e+00 2.255041575551775531e+04
1.783968719452590390e+00 2.242887365374974615e+04
1.786412512218963800e+00 2.230790291600993442e+04
1.788856304985337209e+00 2.218750159387130043e+04
1.791300097751710618e+00 2.206766773841053146e+04
1.793743890518084028e+00 2.194839940029962236e+04
1.796187683284457437e+00 2.182969462989651220e+04
1.798631476050830846e+00 2.171155147733467311e+04
1.801075268817204256e+00 2.159396799261154592e+04
1.803519061583577665e+00 2.147694222567586257e+04
1.805962854349951074e+00 2.136047222651408811e+04
1.808406647116324484e+00 2.124455604523565489e+04
1.810850439882697893e+00 2.112919173215713454e+04
1.813294232649071303e+00 2.101437733788556579e+04
1.815738025415444712e+00 2.090011091340057465e+04
1.818181818181818121e+00 2.078639051013549033e+04
1.820625610948191531e+00 2.067321418005761006e+04
1.823069403714564940e+00 2.056057997574728870e+04
1.825513196480938349e+00 2.044848595047607887e+04
1.827956989247311759e+00 2.033693015828398711e+04
1.830400782013685168e+00 2.022591065405565314e+04
1.832844574780058577e+00 2.011542549359553232e+04
1.835288367546431987e+00 2.000547273370227413e+04
1.837732160312805396e+00 1.989605043224199471e+04
1.840175953079178806e+00 1.978715664822064718e+04
1.842619745845552215e+00 1.967878944185553337e+04
1.845063538611925624e+00 1.957094687464580056e+04
1.847507331378299034e+00 1.946362700944200333e+04
1.849951124144672443e+00 1.935682791051487948e+04
1.852394916911045852e+00 1.925054764362311107e+04
1.854838709677419262e+00 1.914478427608016136e+04
1.857282502443792671e+00 1.903953587682036959e+04
1.859726295210166080e+00 1.893480051646405627e+04
1.862170087976539490e+00 1.883057626738168983e+04
1.864613880742912899e+00 1.872686120375740938e+04
1.867057673509286309e+00 1.862365340165148518e+04
1.869501466275659718e+00 1.852095093906193870e+04
1.871945259042033127e+00 1.841875189598551515e+04
1.874389051808406537e+00 1.831705435447758282e+04
1.876832844574780168e+00 1.821585639871127569e+04
1.879276637341153577e+00 1.811515611503598848e+04
1.881720430107526987e+00 1.801495159203478033e+04
1.884164222873900396e+00 1.791524092058110182e+04
1.886608015640273806e+00 1.781602219389482343e+04
1.889051808406647215e+00 1.771729350759730369e+04
1.891495601173020624e+00 1.761905295976569687e+04
1.893939393939394034e+00 1.752129865098663868e+04
1.896383186705767443e+00 1.742402868440896782e+04
1.898826979472140852e+00 1.732724116579572365e+04
1.901270772238514262e+00 1.723093420357553623e+04
1.903714565004887671e+00 1.713510590889307787e+04
1.906158357771261080e+00 1.703975439565879788e+04
1.908602150537634490e+00 1.694487778059808988e+04
1.911045943304007899e+00 1.685047418329951324e+04
1.913489736070381309e+00 1.675654172626235959e+04
1.915933528836754718e+00 1.666307853494360825e+04
1.918377321603128127e+00 1.657008273780404124e+04
1.920821114369501537e+00 1.647755246635364529e+04
1.923264907135874946e+00 1.638548585519645349e+04
1.925708699902248355e+00 1.629388104207457036e+04
1.928152492668621765e+00 1.620273616791150562e+04
1.930596285434995174e+00 1.611204937685494406e+04
1.933040078201368583e+00 1.602181881631874785e+04
1.935483870967741993e+00 1.593204263702425851e+04
1.937927663734115402e+00 1.584271899304106591e+04
1.940371456500488812e+00 1.575384604182704970e+04
1.942815249266862221e+00 1.566542194426768401e+04
1.945259042033235630e+00 1.557744486471491109e+04
1.947702834799609040e+00 1.548991297102518547e+04
1.950146627565982449e+00 1.540282443459694332e+04
1.952590420332355858e+00 1.531617743040753521e+04
1.955034213098729268e+00 1.522997013704943492e+04
1.957478005865102677e+00 1.514420073676580614e+04
1.959921798631476086e+00 1.505886741548565806e+04
1.962365591397849496e+00 1.497396836285817517e+04
1.964809384164222905e+00 1.488950177228654138e+04
1.967253176930596315e+00 1.480546584096124388e+04
1.969696969696969724e+00 1.472185876989269309e+04
1.972140762463343133e+00 1.463867876394327322e+04
1.974584555229716543e+00 1.455592403185890907e+04
1.977028347996089952e+00 1.447359278629996516e+04
1.979472140762463361e+00 1.439168324387161374e+04
1.981915933528836771e+00 1.431019362515369357e+04
1.984359726295210180e+00 1.422912215472997923e+04
1.986803519061583589e+00 1.414846706121684474e+04
1.989247311827956999e+00 1.406822657729153798e+04
1.991691104594330408e+00 1.398839893971979654e+04
1.994134897360703818e+00 1.390898238938293252e+04
1.996578690127077227e+00 1.382997517130450251e+04
1.999022482893450636e+00 1.375137553467636099e+04
2.001466275659824046e+00 1.367318173288418075e+04
2.003910068426197455e+00 1.359539202353260043e+04
2.006353861192570864e+00 1.351800466846973541e+04
2.008797653958944274e+00 1.344101793381119933e+04
2.011241446725317683e+00 1.336443008996374920e+04
2.013685239491691092e+00 1.328823941164831376e+04
2.016129032258064502e+00 1.321244417792257991e+04
2.018572825024437911e+00 1.313704267220314614e+04
2.021016617790811321e+00 1.306203318228715034e+04
2.023460410557184730e+00 1.298741400037341373e+04
2.025904203323558139e+00 1.291318342308319734e+04
2.028347996089931549e+00 1.283933975148045283e+04
2.030791788856304958e+00 1.276588129109155489e+04
2.033235581622678367e+00 1.269280635192473710e+04
2.035679374389051777e+00 1.262011324848895129e+04
2.038123167155425186e+00 1.254780029981230109e+04
2.040566959921798595e+00 1.247586582946014460e+04
2.043010752688172005e+00 1.240430816555264028e+04
2.045454545454545414e+00 1.233312564078189644e+04
2.047898338220918824e+00 1.226231659242877504e+04
2.050342130987292233e+00 1.219187936237920258e+04
2.052785923753665642e+00 1.212181229714004257e+04
2.055229716520039052e+00 1.205211374785467524e+04
2.057673509286412461e+00 1.198278207031806414e+04
2.060117302052785870e+00 1.191381562499142456e+04
2.062561094819159280e+00 1.184521277701661529e+04
2.065004887585532689e+00 1.177697189622999031e+04
2.067448680351906098e+00 1.170909135717592289e+04
2.069892473118279508e+00 1.164156953911999881e+04
2.072336265884652917e+00 1.157440482606175829e+04
2.074780058651026327e+00 1.150759560674705426e+04
2.077223851417399736e+00 1.144114027468012682e+04
2.079667644183773145e+00 1.137503722813524655e+04
2.082111436950146555e+00 1.130928487016794679e+04
2.084555229716519964e+00 1.124388160862604309e+04
2.086999022482893373e+00 1.117882585616015240e+04
2.089442815249266783e+00 1.111411603023391581e+04
2.091886608015640192e+00 1.104975055313391749e+04
2.094330400782013601e+00 1.098572785197920712e+04
2.096774193548387011e+00 1.092204635873044390e+04
2.099217986314760420e+00 1.085870451019884422e+04
2.101661779081133830e+00 1.079570074805465811e+04
2.104105571847507239e+00 1.073303351883535288e+04
2.106549364613880648e+00 1.067070127395354757e+04
2.108993157380254058e+00 1.060870246970453081e+04
2.111436950146627467e+00 1.054703556727348223e+04
2.113880742913000876e+00 1.048569903274244825e+04
2.116324535679374286e+00 1.042469133709693415e+04
2.118768328445747695e+00 1.036401095623218316e+04
2.121212121212121104e+00 1.030365637095923557e+04
2.123655913978494514e+00 1.024362606701061304e+04
2.126099706744867923e+00 1.018391853504570645e+04
2.128543499511241333e+00 1.012453227065593819e+04
2.130987292277614742e+00 1.006546577436957523e+04
2.133431085043988151e+00 1.000671755165625109e+04
2.135874877810361561e+00 9.948286112931271418e+03
2.138318670576734970e+00 9.890169973559581194e+03
2.140762463343108379e+00 9.832367653859437269e+03
2.143206256109481789e+00 9.774877679105909920e+03
2.145650048875855198e+00 9.717698579534013334e+03
2.148093841642228607e+00 9.660828890341592341e+03
2.150537634408602017e+00 9.604267151691999970e+03
2.152981427174975426e+00 9.548011908716467588e+03
2.155425219941348836e+00 9.492061711516191281e+03
2.157869012707722245e+00 9.436415115164254530e+03
2.160312805474095654e+00 9.381070679707234376e+03
2.162756598240469064e+00 9.326026970166540195e+03
2.165200391006842473e+00 9.271282556539590587e+03
2.167644183773215882e+00 9.216836013800690125e+03
2.170087976539589292e+00 9.162685921901640540e+03
2.172531769305962701e+00 9.108830865772224570e+03
2.174975562072336110e+00 9.055269435320346020e+03
2.177419354838709520e+00 9.002000225431973377e+03
2.179863147605082929e+00 8.949021835970908796e+03
2.182306940371456339e+00 8.896332871778280605e+03
2.184750733137829748e+00 8.843931942671792058e+03
2.187194525904203157e+00 8.791817663444839127e+03
2.189638318670576567e+00 8.739988653865346350e+03
2.192082111436949976e+00 8.688443538674369847e+03
2.194525904203323385e+00 8.637180947584587557e+03
2.196969696969696795e+00 8.586199515278494800e+03
2.199413489736070204e+00 8.535497881406390661e+03
2.201857282502443613e+00 8.485074690584264317e+03
2.204301075268817023e+00 8.434928592391368511e+03
2.206744868035190432e+00 8.385058241367634764e+03
2.209188660801563842e+00 8.335462297010937618e+03
2.211632453567937251e+00 8.286139423774122406e+03
2.214076246334310660e+00 8.237088291061823838e+03
2.216520039100684070e+00 8.188307573227181820e+03
2.218963831867057479e+00 8.139795949568288961e+03
2.221407624633430888e+00 8.091552104324482571e+03
2.223851417399804298e+00 8.043574726672498400e+03
2.226295210166177707e+00 7.995862510722400657e+03
2.228739002932551116e+00 7.948414155513330115e+03
2.231182795698924526e+00 7.901228365009144909e+03
2.233626588465297935e+00 7.854303848093838496e+03
2.236070381231671345e+00 7.807639318566773909e+03
2.238514173998044754e+00 7.761233495137831596e+03
2.240957966764418163e+00 7.715085101422328080e+03
2.243401759530791573e+00 7.669192865935773625e+03
2.245845552297164982e+00 7.623555522088529870e+03
2.248289345063538391e+00 7.578171808180268272e+03
2.250733137829912245e+00 7.533040467394244843e+03
2.253176930596285654e+00 7.488160247791547590e+03
2.255620723362659064e+00 7.443529902305006544e+03
2.258064516129032473e+00 7.399148188733143797e+03
2.260508308895405882e+00 7.355013869733866159e+03
2.262952101661779292e+00 7.311125712818035026e+03
2.265395894428152701e+00 7.267482490342933488e+03
2.267839687194526110e+00 7.224082979505566982e+03
2.270283479960899520e+00 7.180925962335802069e+03
2.272727272727272929e+00 7.138010225689442450e+03
2.275171065493646338e+00 7.095334561241110350e+03
2.277614858260019748e+00 7.052897765477004214e+03
2.280058651026393157e+00 7.010698639687575451e+03
2.282502443792766567e+00 6.968735989960039660e+03
2.284946236559139976e+00 6.927008627170739601e+03
2.287390029325513385e+00 6.885515366977459053e+03
2.289833822091886795e+00 6.844255029811572058e+03
2.292277614858260204e+00 6.803226440870038459e+03
2.294721407624633613e+00 6.762428430107372151e+03
2.297165200391007023e+00 6.721859832227421975e+03
2.299608993157380432e+00 6.681519486675049848e+03
2.302052785923753842e+00 6.641406237627745213e+03
2.304496578690127251e+00 6.601518933987072160e+03
2.306940371456500660e+00 6.561856429370032856e+03
2.309384164222874070e+00 6.522417582100344589e+03
2.311827956989247479e+00 6.483201255199585830e+03
2.314271749755620888e+00 6.444206316378234987e+03
2.316715542521994298e+00 6.405431638026654582e+03
2.319159335288367707e+00 6.366876097205929909e+03
2.321603128054741116e+00 6.328538575638604016e+03
2.324046920821114526e+00 6.290417959699387211e+03
2.326490713587487935e+00 6.252513140405696504e+03
2.328934506353861345e+00 6.214823013408125917e+03
2.331378299120234754e+00 6.177346478980856773e+03
2.333822091886608163e+00 6.140082442011950661e+03
2.336265884652981573e+00 6.103029811993535077e+03
2.338709677419354982e+00 6.066187503011963599e+03
2.341153470185728391e+00 6.029554433737845102e+03
2.343597262952101801e+00 5.993129527415983830e+03
2.346041055718475210e+00 5.956911711855289468e+03
2.348484848484848619e+00 5.920899919418556237e+03
2.350928641251222029e+00 5.885093087012178330e+03
2.353372434017595438e+00 5.849490156075814411e+03
2.355816226783968848e+00 5.814090072571945711e+03
2.358260019550342257e+00 5.778891786975359537e+03
2.360703812316715666e+00 5.743894254262596405e+03
2.363147605083089076e+00 5.709096433901292585e+03
2.365591397849462485e+00 5.674497289839445330e+03
2.368035190615835894e+00 5.640095790494664470e+03
2.370478983382209304e+00 5.605890908743297587e+03
2.372922776148582713e+00 5.571881621909506975e+03
2.375366568914956122e+00 5.538066911754308421e+03
2.377810361681329532e+00 5.504445764464528111e+03
2.380254154447702941e+00 5.471017170641674056e+03
2.382697947214076351e+00 5.437780125290801152e+03
2.385141739980449760e+00 5.404733627809278914e+03
2.387585532746823169e+00 5.371876681975495558e+03
2.390029325513196579e+00 5.339208295937545699e+03
2.392473118279569988e+00 5.306727482201838029e+03
2.394916911045943397e+00 5.274433257621618395e+03
2.397360703812316807e+00 5.242324643385516538e+03
2.399804496578690216e+00 5.210400665005978226e+03
2.402248289345063625e+00 5.178660352307645553e+03
2.404692082111437035e+00 5.147102739415771794e+03
2.407135874877810444e+00 5.115726864744437080e+03
2.409579667644183854e+00 5.084531770984894138e+03
2.412023460410557263e+00 5.053516505093730302e+03
2.414467253176930672e+00 5.022680118281054092e+03
2.416911045943304082e+00 4.992021665998619028e+03
2.419354838709677491e+00 4.961540207927914707e+03
2.421798631476050900e+00 4.931234807968178757e+03
2.424242424242424310e+00 4.901104534224448798e+03
2.426686217008797719e+00 4.871148458995495275e+03
2.429130009775171128e+00 4.841365658761758823e+03
2.431573802541544538e+00 4.811755214173235800e+03
2.434017595307917947e+00 4.782316210037344717e+03
2.436461388074291357e+00 4.753047735306715367e+03
2.438905180840664766e+00 4.723948883067019779e+03
2.441348973607038175e+00 4.695018750524700408e+03
2.443792766373411585e+00 4.666256438994692871e+03
2.446236559139784994e+00 4.637661053888125934e+03
2.448680351906158403e+00 4.609231704699990587e+03
2.451124144672531813e+00 4.580967504996732714e+03
2.453567937438905222e+00 4.552867572403922168e+03
2.456011730205278631e+00 4.524931028593789051e+03
2.458455522971652041e+00 4.497156999272785470e+03
2.460899315738025450e+00 4.469544614169123633e+03
2.463343108504398860e+00 4.442093007020275763e+03
2.465786901270772269e+00 4.414801315560433977e+03
2.468230694037145678e+00 4.387668681508012014e+03
2.470674486803519088e+00 4.360694250553050551e+03
2.473118279569892497e+00 4.333877172344643441e+03
2.475562072336265906e+00 4.307216600478336659e+03
2.478005865102639316e+00 4.280711692483514526e+03
2.480449657869012725e+00 4.254361609810728623e+03
2.482893450635386134e+00 4.228165517819084926e+03
2.485337243401759544e+00 4.202122585763544521e+03
2.487781036168132953e+00 4.176231986782244348e+03
2.490224828934506363e+00 4.150492897883785190e+03
2.492668621700879772e+00 4.124904499934531486e+03
2.495112414467253181e+00 4.099465977645846579e+03
2.497556207233626591e+00 4.074176519561395708e+03
2.500000000000000000e+00 4.049035318044361247e+03
